Date	Val
1	0.0772
1	0.0
1	-0.4019
1	0.0
1	0.0
1	-0.25
1	0.0
1	-0.4939
1	0.0
1	-0.34
1	-0.6808
1	-0.2235
1	0.0
1	0.0
1	0.0
1	-0.4767
1	-0.8555
1	0.0516
1	-0.4404
1	-0.34
1	-0.296
1	0.5574
1	-0.4767
1	0.0
1	-0.6124
1	-0.296
2	-0.6705
2	0.6597
2	0.7579
2	-0.5574
2	0.5574
2	0.5574
2	0.5574
2	0.5574
2	-0.34
2	-0.34
2	0.5574
2	0.5574
2	0.0
2	0.5574
2	0.0
2	0.0
2	0.0
2	0.5574
2	0.0
2	-0.4215
2	-0.4717
2	0.5574
2	-0.2732
2	-0.5106
2	0.0
2	-0.7351
2	0.4767
2	0.0
2	0.0
2	-0.7003
2	0.0
2	0.5574
2	0.0
2	-0.4019
2	0.4588
2	-0.3612
2	-0.7579
2	0.0
2	0.0
2	0.0
2	-0.4939
2	-0.0258
2	0.0
2	0.0
2	-0.0258
2	-0.6597
2	0.0
2	0.2023
2	0.0
2	-0.6249
2	0.0
2	0.0
2	0.5574
2	0.0
2	0.5574
2	0.0
3	0.0
3	-0.6997
3	0.5423
3	0.0
3	0.0
3	-0.2086
3	0.5574
3	0.5106
3	-0.4019
3	-0.4215
3	0.5574
3	0.0
3	0.0
3	-0.296
3	0.0
3	0.0
3	-0.4019
3	0.0
3	-0.6597
3	0.0
3	0.4404
3	0.3818
4	0.4404
4	-0.3612
4	0.0
4	0.0
4	0.3818
4	-0.34
4	-0.4019
4	-0.4588
4	-0.5106
4	0.4404
4	0.2732
4	0.0258
4	0.0
5	0.0
5	0.0772
5	0.4019
5	0.0
5	0.3612
5	0.0
5	0.0
5	0.0
5	0.3612
5	0.4019
5	0.0
5	0.0
5	-0.6369
5	0.0
5	0.0
5	0.0
5	0.0
5	0.0
5	0.0
5	0.0
5	-0.1695
5	-0.5859
5	-0.3612
5	0.3818
5	0.0
5	0.0772
5	0.0
5	0.0
5	-0.34
5	0.0951
6	0.0
6	0.5267
6	-0.3182
6	-0.3818
6	0.0
6	0.5106
6	-0.4588
6	-0.2732
6	0.0
6	-0.25
6	0.0
6	0.0
6	0.4019
6	0.4939
6	-0.296
6	0.0
6	-0.1027
6	0.1531
6	0.0
6	0.5927
6	0.3299
6	0.3007
6	-0.5719
6	0.0
6	0.0
7	0.0
7	0.0
7	0.0
7	0.6808
7	0.0
7	-0.3818
7	0.4939
7	0.0
7	0.296
7	0.3612
7	-0.1531
7	0.0
7	-0.3182
7	-0.0772
7	-0.4939
7	0.0
7	0.4019
7	0.0
7	0.0
7	-0.0516
7	0.0
7	0.296
7	-0.4019
7	0.0
7	0.0
7	-0.2732
7	0.0
7	0.0
7	0.0
7	-0.7269
7	0.0
7	0.6486
7	-0.5719
7	-0.5106
7	0.5106
8	0.34
8	0.6369
8	0.0
8	0.3818
8	0.128
8	-0.7717
8	0.2263
8	-0.128
8	-0.4939
8	0.0
8	-0.1027
8	0.6908
8	0.4767
8	0.0
8	0.0
8	0.25
8	0.0
8	-0.4019
8	-0.34
8	-0.0516
8	-0.8316
8	0.0
8	-0.5574
9	0.1531
9	0.0
9	-0.4404
9	-0.2263
9	0.0382
9	-0.25
9	0.4019
9	0.0
9	-0.5106
9	0.5423
9	0.1027
9	0.0
9	-0.25
9	0.6124
9	0.0
9	-0.7717
9	0.0
9	0.0
9	0.2732
9	0.0258
9	0.0516
9	-0.4019
9	0.0
9	0.4404
9	0.0
9	0.0
9	0.0
9	-0.5106
9	-0.0772
10	0.0
10	0.5106
10	-0.4019
10	0.5233
10	-0.2732
10	0.2732
10	0.0
10	0.0
10	0.5106
10	0.0
10	-0.296
10	0.0
10	0.7269
10	0.4404
10	-0.296
10	-0.4767
10	0.0
10	0.0
11	0.0
11	-0.5574
11	0.0
11	0.0
11	0.0516
11	0.0
11	0.0
11	0.0
11	0.0
11	-0.1655
11	0.4404
12	0.0
12	0.1779
12	0.0
12	0.0
12	0.1027
12	0.0
12	0.533
12	0.4939
12	-0.4019
12	0.0
12	0.1027
12	0.0
12	0.0
12	0.3182
12	0.4215
12	0.0
13	0.4215
13	-0.4939
13	0.0
13	0.4215
13	0.0
13	0.7783
13	-0.4019
13	0.1531
13	0.0
13	0.0
13	0.0
13	-0.5719
13	-0.296
13	-0.1027
13	-0.4939
13	-0.1027
13	-0.5267
13	0.0
13	0.4019
13	0.0
13	0.0
13	-0.34
13	0.1779
13	0.128
13	0.7003
14	0.5267
14	-0.4404
14	0.3182
14	0.0
14	0.0
14	0.0
14	0.0
14	0.0
14	0.0
14	0.0
14	-0.4215
14	0.0
14	0.0
14	-0.5789
14	-0.4767
14	0.296
14	0.0
14	0.5574
15	0.0
15	0.0
15	0.4939
15	-0.8008
15	0.3818
15	0.0
15	0.6652
15	0.0
15	-0.5267
15	-0.7096
15	0.0
15	0.0
15	0.5106
15	0.0
15	0.0
15	-0.6597
15	0.4767
15	0.0
15	-0.3182
15	-0.1027
16	0.0
16	0.0
16	0.0
16	-0.2732
16	0.34
16	0.6652
16	0.0
16	0.0258
16	0.0
16	0.0
16	0.1531
16	0.1027
16	-0.2732
16	0.0
16	0.0
16	0.0
16	0.0
16	0.0
16	0.0
16	0.34
16	0.0
16	-0.3818
16	0.0
16	0.0
16	0.0
16	-0.5719
16	0.4019
16	-0.3182
16	-0.0772
17	0.5859
17	0.0
17	-0.3612
17	0.0
17	-0.7906
17	0.0
18	-0.5994
18	0.0
18	0.0
18	0.4019
18	0.2263
18	-0.2263
18	0.34
18	-0.5574
18	-0.7506
19	-0.3818
19	-0.34
19	0.296
19	0.0
19	-0.1027
19	0.5574
19	-0.8481
19	0.0
19	0.0
19	0.0
19	-0.5106
19	-0.4404
19	0.0
19	-0.7506
19	-0.6249
20	-0.296
20	0.0
20	0.0
20	0.0
20	0.0
20	0.34
20	0.0
20	0.0
20	0.4019
20	0.0
20	0.0
20	0.0
20	-0.4767
20	0.0
20	0.0
20	0.0
20	-0.128
20	0.0
20	0.0
21	0.0
21	-0.4404
21	-0.5267
21	-0.5267
21	0.0
21	0.0
21	0.1779
21	-0.0258
21	-0.3182
21	0.0
21	0.0
21	0.3818
21	-0.5994
21	-0.3612
21	-0.1531
21	0.0
21	0.0772
21	0.0
21	-0.3612
21	-0.4588
22	0.0
22	-0.4215
22	0.6124
22	0.0
22	0.0
22	-0.4588
22	0.0
22	0.0
22	0.0516
22	-0.2732
22	0.0
22	0.0
22	0.0
22	0.6124
22	0.5106
22	-0.3818
22	0.0
22	0.0
22	0.4588
22	0.0
22	0.0
22	-0.296
22	0.0
22	0.0
22	0.0
22	-0.2263
23	0.0
23	0.0
23	-0.34
23	0.0
23	0.0
23	0.1531
23	0.4939
23	-0.6478
23	-0.4404
23	0.5267
23	0.2732
23	0.0
23	0.0
23	0.2516
23	0.0
23	0.0
23	0.5719
23	0.5267
23	0.0
23	0.5719
23	0.0
23	0.5859
23	0.0
23	-0.3182
23	0.128
23	0.5719
23	0.0
23	0.128
23	0.0
23	0.4585
23	0.0
23	-0.4767
23	-0.4767
23	0.0
23	0.0
23	0.0
23	0.0
23	0.4215
23	0.0
23	-0.296
23	-0.544
23	-0.4404
23	0.0
24	0.0
24	0.0
24	0.0
24	0.0
24	0.1027
24	-0.5267
24	0.0
24	-0.3818
24	0.0
25	0.0
25	0.25
25	0.0
25	-0.0258
25	0.0
25	0.0
25	-0.34
25	0.0
25	0.0
25	-0.5106
25	0.0
26	-0.4019
26	0.0
26	0.0
26	0.4939
26	0.4404
26	0.0258
26	0.4939
26	0.0
26	-0.296
26	0.0
26	-0.0516
26	-0.5267
26	-0.0258
26	0.1779
26	-0.6249
26	0.0
27	0.0
27	-0.25
27	0.4019
27	-0.2732
27	-0.4404
27	0.5859
27	0.0
27	-0.5267
27	0.0
27	0.0
27	-0.4019
27	0.0
27	0.4215
27	-0.4588
27	0.0
27	0.0
27	-0.4019
27	-0.2732
27	0.0
27	0.0
27	0.0
28	0.0
28	0.0
28	0.0
28	0.0
28	0.0258
28	-0.1695
28	0.0
28	0.4939
28	0.0
28	-0.2263
28	-0.5719
28	0.0
28	-0.5719
28	0.0
28	0.4939
28	0.0
28	-0.4184
28	0.0
28	-0.0572
28	0.4588
28	-0.3612
29	0.0
29	0.0
29	0.0
29	-0.3612
29	0.4404
29	0.5423
29	0.0
29	-0.128
29	0.0
29	-0.6705
29	-0.4939
29	0.0
29	0.0
29	0.0
29	0.0
29	0.4019
29	0.0
29	-0.3612
29	0.743
29	-0.128
29	-0.0772
29	-0.802
29	0.5106
30	0.0
30	0.0
30	-0.3182
30	0.3818
30	0.0
30	0.0
30	0.3412
30	0.1027
30	0.5106
30	0.0
30	0.0
30	0.5106
30	0.296
30	0.0
30	0.0
30	-0.7269
30	0.3612
30	0.0
30	0.0
30	0.0
30	-0.5556
30	-0.4767
30	0.0
30	0.4588
30	0.0
30	0.0
30	-0.4588
30	0.0
30	-0.5423
30	-0.34
30	0.8578
30	0.4767
30	-0.3412
30	-0.1531
31	-0.4588
31	0.0
31	-0.3182
31	0.0
31	0.0772
31	0.0
31	0.3818
31	-0.4588
31	0.4939
31	-0.3612
31	0.0
31	0.0
31	-0.296
31	0.0
31	0.0
32	0.0
32	0.0
32	0.4939
32	0.0
32	0.4404
32	0.0
32	0.0
32	0.0258
32	0.6249
32	0.1779
32	0.3182
32	0.0
32	-0.4939
32	0.0
32	0.6633
33	-0.4939
33	0.0
33	-0.34
33	-0.5574
33	0.0
33	-0.4404
33	0.2732
33	0.34
33	0.0
33	0.0
33	-0.5423
33	0.0772
33	0.0
33	0.3818
33	-0.4767
33	0.0
33	-0.1531
33	-0.7717
33	0.0
33	0.0
34	0.0
34	0.0
34	0.0
34	0.4019
34	0.0
34	0.1531
34	-0.25
34	0.7269
34	0.0
34	0.0
34	0.0
34	-0.34
34	0.0
34	0.0
34	0.0
34	0.0
34	0.0
34	0.0
34	0.0
34	0.0
34	0.0
34	-0.5994
34	0.0
34	-0.5994
34	-0.8074
34	0.0
34	0.0
34	0.3612
34	-0.4019
35	0.4939
35	0.2732
35	0.0
35	0.1531
35	0.0
35	0.5719
35	0.34
35	0.2732
35	0.6249
35	0.1779
35	0.3818
35	-0.4939
35	-0.7506
35	0.5859
35	0.0
35	0.6249
35	-0.296
35	0.6124
35	0.8176
35	0.0
35	0.0
35	0.0
35	0.0
35	0.0
35	0.0
35	-0.4019
35	0.0
35	0.5106
36	-0.5859
36	-0.0772
36	0.0
36	0.3818
36	0.4404
36	0.5859
36	0.0
36	0.2584
36	0.0
36	0.0
36	0.1779
36	0.0
36	-0.296
36	0.2235
36	0.0
36	0.0
36	-0.7003
36	0.5012
36	0.0
37	0.4939
37	-0.6597
37	-0.7096
37	0.3818
37	-0.4939
37	-0.4019
37	-0.4215
37	-0.5859
37	0.0
37	0.0
37	0.0
37	0.4215
37	-0.5859
37	0.0
37	0.0
37	0.0
37	0.2023
38	-0.8074
38	-0.3818
38	0.0
38	0.0
38	0.128
38	0.5574
38	-0.3182
38	0.0
38	0.5719
38	0.0
38	0.0
38	0.4019
38	-0.3182
38	-0.7096
38	0.3182
38	0.0
38	-0.296
38	0.2023
39	0.34
39	0.0
39	0.0
39	-0.5719
39	0.0
39	-0.2023
39	0.0772
39	0.0
39	-0.3182
40	0.0
40	0.5719
40	-0.296
40	0.1027
40	0.0
40	-0.8402
40	0.3818
40	-0.2732
40	0.5489
40	0.25
40	0.128
40	-0.4939
40	-0.8126
40	-0.5423
40	0.0772
40	0.0
40	-0.4019
40	0.0
40	0.5719
41	0.0
41	0.34
41	0.0
41	0.4215
41	0.7184
41	-0.25
41	0.5574
41	0.0
41	0.0
41	0.0
41	0.5994
41	0.4215
41	-0.1655
41	0.0
41	-0.5106
41	0.128
41	-0.4588
41	-0.0516
41	-0.3818
41	-0.1531
41	-0.5423
42	-0.5719
42	0.0
42	-0.2924
42	-0.5994
42	0.2023
42	0.0
42	0.0
42	0.4019
42	-0.3182
42	0.0
42	-0.7964
42	0.0
42	0.0
42	-0.296
42	-0.4404
42	0.0
42	-0.4215
42	-0.4404
43	0.0258
43	-0.8481
43	0.2732
43	0.0
43	-0.6808
43	0.0
43	-0.3626
43	0.0
43	0.0
43	0.0
43	0.6369
43	0.34
43	0.0
43	-0.4404
43	0.5574
43	-0.5583
43	0.0772
43	0.34
43	0.0
44	0.0772
44	-0.2732
44	0.0
44	-0.7269
44	0.0
44	0.0
44	-0.4215
44	0.128
44	-0.0516
44	0.0
44	-0.2263
44	0.0
44	-0.4404
44	0.0935
44	0.4939
44	0.0
44	-0.128
44	0.0
45	-0.8176
45	-0.1779
45	-0.343
45	0.0258
45	0.0
46	0.34
46	0.2023
47	-0.8176
47	-0.5267
47	0.0
47	-0.802
47	-0.296
47	0.296
47	0.0
47	-0.5859
47	0.0
47	0.0
47	-0.34
47	0.4019
47	0.0
47	0.0258
47	-0.5423
48	-0.4588
48	-0.7553
48	0.0
48	0.4939
48	0.296
48	0.0
48	-0.128
48	0.0
48	0.128
48	0.0
48	-0.6454
48	-0.5267
48	0.0
48	0.0772
48	-0.4215
49	-0.34
49	-0.128
49	-0.7351
49	-0.4404
49	0.2732
49	0.0
49	0.4005
49	-0.296
49	0.0
49	0.0
49	0.0
49	-0.3182
49	0.0
49	-0.4404
50	-0.4767
50	-0.8225
50	-0.5574
50	-0.25
50	0.0258
50	-0.7845
50	-0.6808
50	0.4019
50	0.0
50	0.0
50	0.0
50	0.0
50	-0.4606
50	0.0
50	0.0
50	0.0
50	-0.7717
50	0.0
50	0.0
50	-0.2023
50	0.0
50	0.0258
51	-0.5859
51	-0.7425
51	0.0
51	0.0
51	0.0
51	0.0
51	0.0
51	0.0
51	0.0
51	-0.3182
51	0.3182
51	0.0
51	-0.2023
51	0.0
51	-0.296
51	-0.5423
51	0.2924
51	-0.7964
51	0.4215
51	-0.2732
51	0.0
51	0.5574
51	0.0
51	-0.128
52	-0.4588
52	0.0
52	0.0
52	-0.4019
52	-0.4588
52	0.0
52	0.0
52	0.4019
52	-0.4201
52	0.0
53	-0.4939
53	-0.1779
53	-0.1779
53	0.4019
53	0.6705
53	0.3626
54	0.0
54	-0.5267
54	0.0
54	-0.2006
54	-0.6369
54	-0.4939
54	-0.6808
54	0.0
54	0.6705
54	0.3832
54	0.2263
54	0.4019
54	0.4215
54	-0.8591
55	0.0
55	0.4019
55	-0.296
55	0.1086
55	0.0
55	-0.3818
55	0.0
55	0.0
55	0.0
55	0.0
55	0.5719
55	0.3182
55	0.0
55	-0.6454
55	-0.4874
56	0.3182
56	0.0
56	0.0
56	0.0
56	-0.5994
56	0.5423
56	0.6808
57	0.0
57	-0.2942
57	-0.4939
57	0.4767
57	0.0
58	-0.0516
58	0.0
58	0.0
58	0.0
58	-0.7003
59	-0.3182
60	-0.5994
60	0.0
60	-0.0772
61	0.0
61	-0.5106
61	0.4019
61	-0.296
61	-0.4404
62	-0.4588
62	-0.3182
62	-0.3182
62	-0.6249
62	0.2263
62	-0.4767
62	0.3182
62	-0.34
62	-0.5574
62	0.0
62	-0.25
62	0.296
62	0.4215
63	0.0
63	-0.743
63	0.6908
63	0.3182
63	-0.4767
63	0.6908
63	0.2023
63	-0.743
63	0.296
63	0.2144
63	0.3182
63	0.3182
63	-0.3818
63	-0.5267
64	-0.7096
64	0.3612
64	-0.296
64	0.0
64	0.0
64	0.0
64	-0.5849
64	0.4939
64	0.0
64	-0.128
64	0.0
64	0.3612
64	0.0
64	0.128
64	0.0
64	-0.3818
64	0.4019
65	-0.5106
65	-0.3182
65	0.1027
65	0.4019
65	0.0
65	0.0
65	0.5574
65	0.0
66	0.0
66	-0.2263
66	0.0
66	0.2023
66	-0.5574
66	-0.3612
67	0.7579
67	0.2411
67	0.5574
67	-0.0516
68	0.4767
68	0.2411
68	0.0
68	0.0
68	-0.296
68	0.4019
68	0.0
68	0.2263
68	0.0
68	0.0
69	0.5267
69	-0.3182
69	-0.3182
69	-0.3182
69	-0.4767
69	0.0
69	0.0
69	-0.4019
69	0.0
69	-0.5574
69	0.0
69	0.5574
69	0.7184
69	0.3182
69	0.4404
69	0.0
69	-0.6249
69	0.2732
69	-0.5267
70	-0.4754
70	0.0
70	-0.4588
70	0.296
70	0.1779
71	0.743
71	-0.2263
71	0.0
71	0.4754
71	-0.2732
71	-0.5859
71	-0.2732
71	0.25
72	-0.3818
72	0.0
72	0.4767
72	0.0
72	0.0
72	-0.1043
72	0.0
72	-0.5267
72	0.0
73	-0.6369
73	0.5106
73	0.0
73	0.0
73	0.0
73	-0.4588
74	0.0
74	-0.4588
74	0.0
74	-0.4588
74	0.0
74	0.5106
74	0.0
75	0.0
75	0.0
75	-0.4939
75	0.0
75	-0.296
75	0.0
75	0.2023
75	0.0
75	-0.4404
75	-0.8316
75	0.4588
76	-0.4939
76	-0.4767
76	0.144
76	-0.4588
76	0.5859
76	-0.3612
76	0.0772
76	0.5267
76	-0.296
76	0.5267
76	0.0
77	-0.7906
77	0.0
77	0.4939
77	-0.4215
77	-0.3818
77	0.0
77	0.0772
77	0.0
77	0.0
78	-0.0772
78	0.5106
78	-0.0572
78	0.0
79	-0.5574
79	0.0
79	0.5719
79	0.0
79	0.0
79	0.0
79	0.0
79	0.3352
80	-0.34
80	0.4588
80	-0.1779
80	0.0
80	0.0
80	-0.2732
81	0.5719
82	0.0772
82	-0.3612
82	0.0
82	0.3612
82	0.0
83	0.0
83	0.0
83	-0.5267
83	-0.3182
83	0.0
84	0.6808
84	0.296
84	0.0
84	0.0
84	0.4767
84	0.0
84	0.4767
84	0.0
84	0.0
84	0.0
84	-0.7579
84	0.3182
84	0.4767
84	-0.2023
84	0.0
84	-0.5267
84	-0.25
85	-0.3818
85	0.0
85	-0.5106
85	0.2023
85	0.4019
85	0.5859
85	-0.5423
85	-0.2992
85	0.4019
86	0.0
86	-0.2023
87	-0.8402
87	0.6908
88	0.6908
88	0.0772
88	0.4767
88	-0.34
89	0.0516
89	0.0
89	-0.2263
89	0.0
89	0.2023
89	0.0
89	0.0
89	-0.6705
89	0.0
89	-0.5267
90	0.0
90	0.0
90	0.296
90	-0.5267
91	-0.34
91	0.0
91	0.0
91	0.0772
92	0.4767
93	0.0
93	-0.7227
93	0.128
93	0.128
93	0.34
94	-0.5574
95	-0.2263
95	0.0
96	-0.4939
96	-0.6369
96	0.0
96	0.0
96	0.0
96	0.0
96	0.0
96	0.0
96	0.6249
96	-0.5688
96	0.0
96	-0.4939
96	-0.5267
96	0.0
96	-0.2263
96	-0.743
96	-0.5267
96	0.0
97	-0.5719
97	0.0
97	0.0
97	0.0
97	0.0
97	0.0
97	-0.5859
97	0.5719
97	0.0
97	-0.296
97	0.0
97	0.4404
97	-0.3182
97	-0.2732
97	-0.4404
97	-0.0516
97	0.0
97	0.5719
97	-0.4404
97	-0.5106
97	0.0
97	-0.802
97	0.0
98	0.0
98	-0.8316
98	0.0
98	-0.6705
98	-0.5994
98	0.128
98	-0.5574
98	0.0
98	0.5859
98	-0.2263
98	0.0
98	-0.6369
98	0.2263
98	-0.2263
98	-0.5574
98	-0.5994
98	-0.7184
98	0.0
98	-0.128
98	0.0
98	0.4404
98	0.0
98	0.0
98	-0.6249
98	0.6597
98	0.4019
99	0.0
99	0.0
99	-0.6705
99	-0.4215
99	0.4404
99	0.4939
99	0.0
99	0.0
99	0.0
99	0.0
99	0.0
99	0.0
99	0.0
99	0.0
99	-0.5994
99	0.0
99	0.3252
99	0.2144
99	0.0
99	-0.3818
99	-0.296
99	-0.7269
99	0.0
99	0.4939
99	-0.34
99	-0.34
99	0.0
99	0.4019
99	0.0
99	0.0
99	0.4019
99	-0.7964
99	-0.2263
99	0.0
99	0.0
100	-0.6705
100	-0.6249
100	0.0
100	0.0
100	-0.3182
100	-0.5574
100	-0.5859
100	-0.5574
100	-0.2263
100	0.0
100	-0.5574
100	0.0
100	-0.0258
100	0.0
100	-0.6908
100	0.0
100	-0.6249
100	0.0
100	0.0
100	0.4404
100	-0.2263
100	-0.1441
100	-0.6249
100	0.3182
100	0.0
100	0.3612
100	0.0
100	0.4926
100	0.4767
100	-0.2732
100	0.0
100	0.3612
101	-0.6249
101	0.0
101	-0.6705
101	0.0
101	0.0
101	0.0
101	0.3612
101	-0.2732
101	0.4767
101	-0.2144
101	0.3612
101	-0.0258
101	0.0
101	-0.25
101	0.25
101	0.4767
101	0.0516
101	0.0
101	0.4404
101	-0.4215
101	0.0
101	0.0
101	-0.25
101	0.0
101	-0.4215
102	0.3612
102	-0.5618
102	-0.5574
102	0.0
102	-0.4019
102	-0.1779
102	0.5267
102	0.0772
102	-0.4588
102	0.3182
103	0.5106
103	0.0
103	0.0
103	0.1531
103	0.0
103	0.4404
103	0.2716
103	0.0
103	-0.8176
103	-0.128
103	0.296
103	0.0
103	0.0
103	0.4939
103	-0.7351
103	-0.7003
103	-0.7845
103	0.0
103	0.0258
104	0.0
104	0.0
104	0.2023
104	-0.2755
104	-0.4939
104	0.0
104	0.5719
104	0.0
104	0.0
104	0.0
104	0.6124
104	0.0
104	-0.5106
104	-0.4404
104	0.0
104	-0.3818
104	0.2023
104	-0.3612
104	-0.296
104	0.128
104	-0.872
104	0.0
104	0.0
104	0.0
104	0.6908
104	0.2732
104	-0.25
104	-0.1779
104	-0.296
104	0.0
105	0.5994
105	-0.7717
105	-0.6808
105	-0.0516
105	-0.3022
105	-0.4939
105	0.3182
105	0.0
105	0.0
105	0.0
105	-0.4717
105	0.0
105	-0.296
105	-0.3818
105	0.0
105	-0.5574
105	0.0
105	0.0
105	0.0
105	0.0
105	-0.5859
105	-0.3818
105	0.0
105	0.0
105	-0.4588
105	0.0
105	0.0
105	-0.6124
105	0.4019
105	-0.3182
105	0.0
105	-0.3716
106	-0.5859
106	-0.2263
106	0.0
106	0.0
106	-0.296
106	0.0
106	0.0
106	0.0
106	0.0
106	0.5574
106	0.0
106	0.0
106	0.3612
106	0.0
106	0.0
106	0.0
106	0.0
106	-0.25
106	0.0
106	-0.4404
106	0.3182
106	-0.25
106	-0.5994
106	0.0
107	0.0
107	-0.2732
107	-0.1531
107	-0.1531
107	-0.3875
107	-0.6597
107	0.0
107	0.25
107	0.0
107	-0.836
107	0.0
107	-0.2263
107	-0.3818
108	0.0
108	0.0
108	-0.1027
108	-0.0772
108	0.0
108	0.0
108	-0.4215
108	-0.2732
108	0.0
108	0.0772
108	0.4404
109	-0.5574
109	0.5267
109	0.3182
109	0.5106
109	0.0
110	-0.3612
110	0.0
110	-0.3612
110	0.128
110	0.0
110	0.2732
110	-0.2263
110	0.3612
110	0.3182
110	-0.7003
111	0.0
111	-0.7311
111	-0.2023
111	0.0
111	-0.3086
111	0.5719
111	0.0
111	-0.2584
111	0.0
111	0.0
111	0.296
111	-0.4215
111	0.25
111	0.296
111	0.25
111	0.0
111	0.0
111	0.0
111	-0.4215
111	0.0
111	0.4588
111	0.0
111	0.0
111	0.296
111	0.296
111	0.0
111	0.0
111	0.0
111	0.0
111	0.34
112	0.0
112	-0.4404
112	0.0
112	0.0
112	0.0
112	0.2263
112	0.2263
112	-0.4215
112	0.2263
112	0.0
112	0.0772
112	-0.0772
112	0.0
112	0.0
112	0.0
112	0.0
112	0.0
112	-0.1779
112	0.5122
112	0.296
112	0.2263
112	0.0772
112	0.0
112	-0.1027
112	-0.3612
112	-0.4215
112	-0.2263
112	0.0
112	0.0
113	0.0
113	-0.5574
113	-0.0516
113	0.0258
113	0.0
113	0.25
113	0.0
113	0.0
113	0.0
113	-0.128
113	0.0
114	0.0
114	0.0
114	-0.3182
114	0.0
114	0.0
114	0.296
114	-0.296
114	0.0
114	0.0
114	0.2263
114	-0.4019
115	0.5267
115	0.6705
115	-0.4404
115	0.4019
115	-0.34
115	0.2023
115	0.4019
115	0.0
115	0.0
115	0.4019
115	0.0
115	0.1027
116	0.34
116	0.4201
117	0.0
117	0.0
117	0.296
117	0.0
117	-0.5994
117	0.3612
117	-0.1779
117	0.25
117	-0.5574
117	0.5574
117	0.0
117	0.0
117	0.2023
117	0.0
117	0.0
117	0.0
118	0.0
118	0.4404
118	0.5267
118	-0.6249
118	0.0
118	-0.5267
118	0.0
118	0.0516
118	0.0
118	-0.4215
118	0.0
118	0.0
118	0.0
118	0.5267
118	0.0
118	0.0
118	0.0
118	0.0
118	-0.6908
118	0.0
118	0.296
119	0.0
119	-0.7783
119	0.0
119	-0.296
119	0.0
119	-0.5267
119	0.0
120	0.0
120	0.4019
120	-0.8126
120	0.4019
120	-0.4588
120	0.1695
120	0.0
120	0.2023
120	0.0
120	-0.2263
120	0.0
120	0.3612
121	0.0
121	0.0
121	0.0
121	0.5719
122	-0.6705
122	-0.6705
122	0.0
122	-0.7003
123	0.128
123	0.0
