Date	Val
9	0.0258
12	0.0
16	0.0
16	0.5574
16	-0.3182
16	0.0
20	0.5267
20	0.0
22	0.0
26	-0.4019
27	0.0
28	-0.1027
28	0.4215
28	0.4215
29	-0.5719
29	0.0
30	-0.2263
33	0.0
34	-0.7964
34	-0.34
34	0.0
34	0.0
34	0.0
34	0.0
34	0.0
34	0.0
34	0.0
34	0.0
34	0.4019
34	0.0
34	0.0
34	0.0
34	0.0
34	0.0
34	0.0
34	0.0
34	0.0
34	0.0
34	0.0
34	0.0
35	0.1779
35	0.0
35	0.0
35	0.5719
35	0.0
35	0.7506
35	0.0
36	0.0
36	0.0
36	0.0
36	0.2059
36	-0.296
36	0.0
36	0.0
37	-0.4019
37	0.0
37	0.0
37	0.0
37	0.0
38	0.5574
38	0.0
38	0.5574
38	0.0
38	0.7351
38	0.0
38	0.0258
39	0.0258
39	0.0
41	-0.0191
41	-0.34
42	0.4939
42	-0.128
42	0.0
43	0.0
43	0.34
43	0.0
43	0.0
43	0.4215
44	0.0
44	0.0
45	0.4215
45	0.0
48	-0.4019
48	0.0
48	0.0
48	-0.296
48	0.0
49	-0.34
50	0.0
50	0.0
50	-0.2023
51	0.7906
51	0.4939
51	0.0
51	0.0
52	0.0
53	0.2263
54	0.0
54	0.0
55	0.0
55	0.0
55	0.4939
55	-0.6454
56	-0.5994
56	0.0
56	0.5106
61	0.5859
62	-0.4588
62	0.0
62	-0.34
62	0.0
63	0.0
63	-0.4215
63	0.5574
63	-0.2263
63	0.5994
64	-0.7096
64	0.5859
65	0.0
65	0.0
66	0.0
66	-0.3612
67	0.0
67	0.7579
67	0.2411
68	-0.296
68	0.4019
68	-0.4588
68	-0.4588
68	0.0
68	0.0
69	-0.128
69	0.0
69	-0.296
70	0.0
72	0.0
75	0.0
75	0.0
75	0.0
75	0.0
76	-0.5574
76	0.0
77	0.0
77	0.0
77	-0.5106
78	0.0
79	0.0
80	-0.4767
81	0.0
82	-0.5719
83	-0.3182
84	0.0
86	0.0
89	0.4215
89	0.4767
90	0.0
91	0.0
91	0.0
94	-0.5574
95	0.0
95	-0.2263
95	0.0
95	0.0
96	-0.4939
96	0.0
96	0.0
96	0.0
96	0.0
96	-0.4767
96	0.0
96	0.0
96	0.6249
96	-0.5688
96	0.0
96	0.0
96	-0.5267
96	-0.2263
96	-0.743
96	0.0
96	0.296
97	0.0
97	0.0
97	0.0
97	-0.5859
97	0.0
97	0.5859
97	0.0516
97	0.0
97	0.0
97	0.5106
97	0.0
97	0.0
97	0.0
97	-0.296
97	0.0
97	-0.4404
97	0.5719
97	0.5719
97	0.2057
97	0.0
97	0.0
97	0.0
97	0.0
97	-0.5106
97	0.0
97	0.0
97	0.0
97	0.0
97	0.0
97	0.0
97	0.0
97	0.0
97	0.0
97	0.0
97	0.0
97	0.0
97	0.0
97	0.4019
97	0.0
97	0.0
97	0.0
97	0.0
97	0.0
97	0.0
97	0.0
97	-0.802
98	0.0
98	0.0
98	0.0
98	0.2411
98	0.0
98	0.0
98	0.0
98	0.0
98	0.0
98	0.802
98	0.0
98	0.0
98	0.0
98	-0.296
98	0.0
99	-0.25
99	0.0
99	0.5719
99	0.5719
99	0.743
99	0.5719
100	0.0
101	0.0
101	0.0
102	0.0767
103	-0.8074
105	-0.6808
105	-0.5859
111	0.0
118	-0.4019
119	-0.2732
119	-0.2732
119	-0.2732
119	-0.2732
119	-0.2732
119	-0.2732
119	-0.2732
119	-0.2732
119	-0.2732
119	-0.2732
119	-0.2732
119	-0.2732
119	-0.2732
119	-0.2732
119	-0.2732
119	-0.2732
119	-0.2732
119	-0.2732
119	-0.2732
119	-0.2732
119	-0.2732
119	-0.2732
119	-0.2732
119	-0.2732
119	-0.2732
119	-0.2732
119	-0.2732
119	-0.2732
119	-0.2732
119	-0.2732
119	-0.2732
119	-0.2732
119	-0.2732
119	-0.2732
119	-0.2732
119	-0.2732
119	-0.2732
119	-0.2732
119	-0.2732
119	-0.2732
119	-0.2732
119	-0.2732
119	-0.2732
119	-0.2732
119	-0.2732
119	-0.2732
119	-0.2732
119	-0.2732
119	-0.2732
119	-0.2732
119	-0.2732
119	-0.2732
119	-0.2732
119	-0.2732
119	-0.2732
119	-0.2732
119	-0.2732
119	-0.2732
119	-0.2732
119	-0.2732
119	-0.2732
119	-0.2732
119	-0.2732
119	-0.2732
119	-0.2732
119	-0.2732
119	-0.2732
119	-0.2732
119	-0.2732
119	-0.2732
119	-0.2732
119	-0.2732
119	-0.2732
119	-0.2732
119	-0.2732
119	-0.2732
119	-0.2732
119	-0.2732
119	-0.2732
119	-0.2732
119	-0.2732
119	-0.2732
119	-0.2732
119	-0.2732
119	-0.2732
119	-0.2732
119	-0.2732
119	-0.2732
119	-0.2732
119	0.3182
119	-0.2732
119	-0.2732
119	-0.2732
119	-0.2732
119	-0.2732
119	-0.2732
119	-0.2732
119	-0.2732
119	-0.2732
119	-0.2732
119	-0.2732
119	-0.2732
119	-0.2732
119	-0.2732
119	-0.2732
119	-0.2732
119	-0.2732
119	-0.2732
119	-0.2732
119	-0.2732
119	-0.2732
119	-0.2732
119	-0.2732
119	-0.2732
119	-0.2732
119	-0.2732
119	-0.2732
119	-0.2732
119	-0.2732
119	-0.2732
119	-0.2732
119	-0.2732
119	-0.2732
119	-0.2732
119	-0.2732
119	-0.2732
119	-0.2732
119	-0.2732
119	-0.2732
119	-0.2732
119	-0.2732
119	-0.2732
119	-0.2732
119	-0.2732
119	-0.2732
119	-0.2732
119	-0.2732
119	-0.2732
119	-0.2732
119	-0.2732
119	-0.2732
119	-0.2732
119	-0.2732
119	-0.2732
119	-0.2732
119	-0.2732
119	-0.2732
119	-0.2732
119	-0.2732
119	-0.2732
119	-0.2732
119	-0.2732
119	-0.2732
119	-0.2732
119	-0.0516
119	-0.2732
119	-0.2732
119	-0.2732
119	-0.2732
120	-0.743
122	-0.6249
