Date	Val
1	-0.1779
1	0.0
1	-0.5423
2	0.0
2	0.0
2	0.0
2	0.0
2	0.0
3	-0.5994
3	0.0
3	-0.6597
3	-0.5423
3	0.0
4	-0.3818
4	0.2247
4	-0.5106
4	0.0258
5	0.0
5	0.0
5	0.0
5	0.0
5	0.0
5	0.296
5	0.0
5	-0.3612
5	0.0
6	0.4588
6	0.0
6	-0.7579
6	-0.2732
6	0.0
6	0.0
6	0.5927
6	0.3299
6	0.3007
7	0.0
7	-0.3818
7	0.4939
7	-0.6369
7	0.0
7	0.0
7	-0.5574
8	-0.1027
8	0.0
8	0.0
8	0.0
8	0.25
8	0.1877
8	-0.0516
8	0.0
9	0.1531
9	0.0
9	0.7003
10	0.5233
10	-0.2732
10	-0.5719
11	0.0
11	0.3612
12	0.4019
12	0.0
12	0.0
13	0.25
13	0.25
13	-0.34
14	0.3612
14	0.0772
14	0.6908
14	0.0
15	0.0
15	0.0
15	-0.5423
16	-0.1027
16	0.0
18	-0.7003
19	0.0
19	0.0
19	-0.3818
19	0.296
20	0.0
20	0.0
21	0.0
21	-0.296
22	0.0
22	0.0
22	0.0
22	0.0
22	0.5106
22	-0.3612
22	0.6597
23	0.4754
23	0.0
23	0.0772
23	0.0
24	0.0
26	0.0
26	-0.4404
26	0.4019
26	0.0
26	0.0
26	-0.2732
27	-0.2732
27	0.0
27	-0.3089
27	-0.4588
27	-0.4767
27	0.0
27	0.0
28	0.2235
28	0.4767
29	-0.7351
29	-0.5423
29	-0.5423
29	0.0
29	-0.7351
29	-0.8126
29	0.5994
30	0.0
31	-0.2732
33	0.0
33	-0.4939
33	0.0
33	-0.4939
33	-0.4019
33	0.2235
33	0.0
34	0.0
34	0.7096
35	0.1531
36	0.0
36	0.0
36	0.2732
36	0.0772
37	0.0258
37	0.0
38	-0.2732
39	0.0
39	0.0
40	0.0
41	0.4767
41	-0.7184
41	0.2023
42	0.0
42	0.0
42	0.0
42	0.0
42	-0.4939
42	0.0
43	-0.6808
43	-0.0516
43	0.0
43	-0.7003
44	0.0
46	0.0
47	-0.0516
47	0.0
47	0.9001
47	-0.6597
47	0.0772
47	-0.4767
48	0.0
48	0.0
48	0.0772
48	-0.5574
48	0.4404
49	0.0
49	-0.5859
49	0.0
50	0.0
50	-0.5574
50	0.0258
50	0.0
51	-0.4939
51	0.0
51	0.1779
51	-0.4939
51	0.0
51	0.128
51	0.5256
52	0.4939
52	0.4215
54	0.0
54	-0.0258
54	0.0
54	0.4404
54	-0.1027
54	-0.4215
55	-0.3612
55	0.0
55	0.0
55	-0.5423
55	0.2023
56	-0.6486
56	0.033
57	0.0
57	0.0
58	0.0
58	0.0
58	-0.3612
59	0.0
60	-0.4019
61	0.0
62	0.0
62	0.0
63	0.0
64	-0.7184
64	0.0
64	0.0
64	0.0
65	0.0
65	0.0
65	0.2023
65	-0.3818
65	-0.2023
66	0.0433
67	0.0
67	-0.4215
68	-0.4939
68	0.0
68	0.3818
68	0.0
68	-0.8625
69	-0.34
69	0.0
69	0.34
70	0.4019
70	-0.4215
70	-0.296
70	-0.1779
71	0.0
71	0.4939
71	0.0
71	-0.4767
72	-0.3818
72	0.0
72	0.5267
72	0.0
72	0.0
72	0.0
72	0.0
72	0.0
72	0.0
73	0.3818
73	-0.1055
73	0.34
74	0.0
74	0.0
74	0.4019
75	0.0
75	0.0
75	0.4019
75	-0.4404
75	0.0
75	0.0
76	0.0
76	0.4404
76	-0.5719
76	0.0
76	0.0
76	-0.5719
76	0.0
77	0.0
77	0.0
77	0.4215
77	-0.2732
77	-0.4215
77	0.836
77	0.0
78	0.0
78	-0.2944
78	0.6808
78	0.34
79	-0.6597
79	0.3818
79	0.3612
79	0.0772
79	0.0
79	0.0
79	-0.5994
79	0.128
79	0.0
79	0.0
80	0.4019
80	-0.5267
81	0.0
81	-0.6249
81	-0.2023
81	-0.5994
82	0.0
83	0.0
83	0.0
83	-0.3818
83	0.0
84	0.0772
84	-0.7351
84	-0.4404
84	0.0
84	0.0
84	0.4019
84	0.0
85	-0.7003
85	0.0
85	0.0
85	0.1531
85	0.0
85	-0.5106
85	-0.6249
85	-0.5994
86	-0.3612
88	0.6705
89	0.5719
89	-0.0258
89	-0.5719
89	-0.3182
89	0.2023
89	0.128
90	0.0
90	-0.5994
90	0.0
91	0.0
91	0.4019
91	0.0
91	0.0
91	-0.2732
91	0.0
91	-0.296
92	-0.3182
92	0.0
93	0.0
93	0.0
94	0.128
94	-0.5574
94	0.0
94	0.0
94	-0.6597
95	0.4019
95	0.3612
95	-0.5719
96	0.0
96	0.4391
97	0.4404
97	0.0
97	-0.2263
98	-0.4767
98	-0.7845
98	0.4767
98	0.0
98	-0.5719
99	0.5574
99	0.0
99	0.0
99	0.0
100	0.5267
100	-0.4754
100	0.0
102	0.4215
102	0.0
103	0.0
103	0.0
103	-0.6369
103	0.5859
104	0.0
104	0.2023
104	-0.5994
104	0.0
105	-0.3182
105	-0.25
105	0.0
106	0.4404
106	-0.5574
106	0.5719
106	-0.25
106	-0.6908
107	0.0
107	0.2263
107	-0.296
107	0.0516
108	0.0
109	-0.7269
110	0.0
110	-0.5994
110	-0.8934
110	0.4019
110	0.4019
110	-0.4588
110	0.0
111	0.25
111	0.4005
111	0.25
111	0.0
112	-0.3182
112	0.0
113	0.0
113	-0.3412
113	-0.5106
113	0.0
113	0.0
113	-0.2263
113	0.0
114	0.0
114	0.0
114	0.0
114	-0.1531
114	-0.6249
114	-0.5267
115	0.0
116	-0.3818
116	0.2732
117	-0.3412
118	-0.5574
118	0.2103
118	-0.5574
118	-0.1796
118	0.128
118	-0.3818
119	-0.2732
119	-0.4767
119	0.0
119	0.0
119	-0.2732
119	-0.2732
119	-0.2732
119	-0.2732
119	-0.2732
119	-0.2732
119	-0.2732
119	-0.2732
119	-0.2732
119	-0.2732
119	-0.2732
119	-0.2732
119	-0.2732
119	-0.2732
119	-0.2732
119	-0.2732
119	-0.2732
119	-0.2732
119	-0.2732
119	-0.2732
119	-0.2732
119	-0.2732
119	-0.2732
119	-0.2732
119	-0.2732
119	-0.2732
119	-0.2732
119	-0.2732
119	-0.2732
119	-0.2732
119	-0.2732
119	-0.2732
119	-0.2732
119	-0.2732
119	-0.2732
119	-0.2732
119	-0.2732
119	-0.2732
119	-0.2732
119	-0.2732
119	-0.2732
119	-0.2732
119	-0.2732
119	-0.2732
119	-0.2732
119	-0.2732
119	-0.2732
119	-0.2732
119	-0.2732
119	-0.2732
119	-0.2732
119	-0.2732
119	-0.2732
119	-0.2732
119	-0.2732
119	-0.2732
119	-0.2732
119	-0.2732
119	-0.2732
119	-0.2732
119	-0.2732
119	-0.2732
119	-0.2732
119	-0.2732
119	-0.2732
119	-0.2732
119	-0.2732
119	-0.2732
119	-0.2732
119	-0.2732
119	-0.2732
119	-0.2732
119	-0.2732
119	-0.2732
119	-0.2732
119	-0.2732
119	-0.2732
119	-0.2732
119	-0.2732
119	-0.2732
119	-0.2732
119	-0.2732
119	-0.2732
119	-0.2732
119	-0.2732
119	-0.2732
119	-0.2732
119	-0.2732
119	-0.2732
119	-0.2732
119	-0.2732
119	-0.2732
119	-0.2732
119	-0.2732
119	-0.2732
119	-0.2732
119	-0.2732
119	-0.2732
119	-0.2732
119	-0.2732
119	-0.2732
119	-0.2732
119	-0.2732
119	-0.2732
119	-0.2732
119	-0.2732
119	-0.2732
119	-0.2732
119	-0.2732
119	-0.2732
119	-0.2732
119	-0.2732
119	-0.2732
119	-0.2732
119	-0.2732
119	-0.2732
119	-0.2732
119	-0.2732
119	-0.2732
119	-0.2732
119	-0.2732
119	-0.2732
119	-0.2732
119	-0.2732
119	-0.2732
119	-0.2732
119	-0.2732
119	-0.2732
119	-0.2732
119	-0.2732
119	-0.2732
119	-0.2732
119	-0.2732
119	-0.2732
119	-0.2732
119	-0.2732
119	-0.2732
119	-0.2732
119	0.1027
119	-0.2732
119	-0.2732
119	-0.2732
119	-0.2732
119	-0.2732
119	-0.2732
119	-0.2732
119	-0.2732
119	-0.2732
119	-0.2732
119	-0.2732
119	-0.2732
119	-0.2732
119	-0.2732
119	-0.2732
119	-0.2732
119	-0.2732
119	-0.2732
119	-0.2732
119	-0.2732
119	-0.2732
119	-0.2732
119	-0.2732
119	-0.2732
119	-0.2732
119	-0.2732
119	-0.2732
119	-0.2732
119	-0.2732
119	-0.2732
119	-0.2732
119	-0.2732
119	-0.2732
119	-0.2732
119	-0.2732
119	-0.2732
119	-0.2732
119	-0.2732
119	-0.2732
119	-0.2732
119	-0.2732
119	-0.2732
119	-0.2732
119	-0.2732
119	-0.2732
119	-0.2732
119	-0.2732
119	-0.2732
119	-0.2732
119	-0.2732
119	-0.2732
119	-0.2732
119	-0.2732
119	-0.2732
119	-0.2732
119	-0.2732
119	-0.2732
119	-0.2732
119	-0.2732
119	-0.2732
119	-0.2732
119	-0.2732
119	-0.2732
119	-0.2732
119	-0.2732
119	-0.2732
119	-0.2732
119	-0.2732
119	-0.2732
119	-0.2732
119	-0.2732
119	-0.2732
119	-0.2732
119	-0.2732
119	-0.2732
119	-0.2732
119	-0.2732
119	-0.2732
119	-0.2732
119	-0.2732
119	-0.2732
119	-0.2732
119	-0.2732
119	-0.2732
119	-0.2732
119	-0.2732
119	-0.2732
119	-0.2732
119	-0.2732
119	-0.2732
119	-0.2732
119	-0.2732
119	-0.2732
119	-0.2732
119	-0.2732
119	-0.2732
119	-0.2732
119	-0.2732
119	-0.2732
119	-0.2732
119	0.0
119	-0.2732
119	-0.2732
119	-0.2732
119	-0.2732
119	-0.2732
119	-0.2732
119	0.128
119	-0.2732
119	-0.2732
119	-0.2732
119	-0.2732
119	-0.2732
119	-0.2732
119	-0.2732
119	-0.2732
119	-0.2732
119	-0.2732
119	-0.2732
119	-0.2732
119	-0.2732
119	-0.2732
119	0.2263
119	-0.2732
119	-0.2732
119	-0.2732
119	-0.2732
119	-0.2732
119	-0.2732
119	-0.2732
119	-0.2732
119	-0.2732
119	-0.2732
119	-0.2732
119	-0.2732
119	-0.2732
119	-0.2732
119	-0.2732
119	-0.2732
119	-0.2732
119	-0.2732
119	-0.2732
119	-0.2732
119	-0.2732
119	-0.2732
119	-0.2732
119	-0.2732
119	-0.2732
119	-0.2732
119	-0.2732
119	-0.2732
119	-0.2732
119	-0.2732
119	-0.2732
119	-0.2732
119	-0.2732
119	-0.2732
119	-0.2732
119	-0.2732
119	-0.2732
119	-0.2732
119	-0.2732
119	-0.2732
119	-0.2732
119	-0.2732
119	-0.2732
119	-0.2732
119	-0.2732
119	-0.2732
119	-0.2732
119	-0.2732
119	-0.2732
119	0.0
119	-0.2732
119	-0.2732
119	-0.2732
119	-0.2732
119	-0.2732
119	-0.2732
119	-0.2732
119	-0.2732
119	-0.2732
119	-0.2732
119	-0.2732
119	-0.2732
119	-0.2732
119	-0.2732
119	-0.2732
119	-0.2732
119	-0.2732
119	-0.2732
119	-0.2732
119	-0.2732
119	-0.2732
119	-0.2732
119	-0.2732
119	-0.2732
119	-0.2732
119	-0.2732
119	-0.2732
119	-0.2732
119	-0.2732
119	-0.2732
119	-0.2732
119	-0.2732
119	-0.2732
119	-0.2732
119	-0.2732
119	-0.2732
119	-0.2732
119	-0.2732
119	-0.2732
119	-0.2732
119	-0.2732
119	-0.2732
119	-0.2732
119	-0.2732
119	-0.2732
119	0.3182
119	-0.2732
119	-0.2732
119	-0.2732
119	-0.2732
119	-0.2732
119	-0.2732
119	-0.2732
119	-0.2732
119	-0.2732
119	-0.2732
119	-0.2732
119	-0.2732
119	-0.2732
119	-0.2732
119	-0.2732
119	-0.2732
119	-0.2732
119	-0.2732
119	-0.2732
119	-0.2732
119	-0.2732
119	-0.2732
119	-0.2732
119	-0.2732
119	-0.2732
119	-0.2732
119	-0.2732
119	-0.2732
119	-0.2732
119	-0.2732
119	-0.2732
119	-0.2732
119	-0.2732
119	-0.2732
119	-0.2732
119	-0.2732
119	-0.2732
119	-0.2732
119	-0.2732
119	-0.2732
119	-0.2732
119	-0.2732
119	-0.2732
119	-0.2732
119	-0.2732
119	-0.2732
119	-0.2732
119	-0.2732
119	-0.2732
119	-0.2732
119	-0.2732
119	-0.2732
119	-0.2732
119	-0.2732
119	-0.2732
119	-0.2732
119	-0.2732
119	-0.2732
119	-0.2732
119	-0.2732
119	-0.2732
119	-0.2732
119	-0.2732
119	-0.2732
119	-0.2732
119	-0.2732
119	-0.2732
119	-0.2732
119	-0.2732
119	-0.2732
119	-0.2732
119	-0.2732
119	-0.2732
119	-0.2732
119	-0.2732
119	-0.2732
119	-0.2732
119	-0.2732
119	-0.2732
119	-0.2732
119	-0.2732
119	-0.2732
119	-0.2732
119	-0.2732
119	-0.2732
119	-0.2732
119	-0.2732
119	-0.2732
119	-0.2732
119	-0.2732
119	-0.2732
119	-0.2732
119	-0.2732
119	-0.2732
119	-0.2732
119	-0.2732
119	-0.2732
119	-0.2732
119	-0.2732
119	-0.2732
119	-0.2732
119	-0.2732
119	-0.2732
119	-0.2732
119	-0.2732
119	-0.2732
119	-0.2732
119	-0.2732
119	-0.2732
119	-0.2732
119	-0.2732
119	-0.2732
119	-0.2732
119	0.3182
119	-0.2732
119	-0.2732
119	-0.2732
119	-0.2732
119	-0.2732
119	-0.2732
119	-0.2732
119	-0.2732
119	-0.2732
119	-0.2732
119	-0.2732
119	-0.2732
119	-0.2732
119	-0.2732
119	-0.2732
119	-0.2732
119	-0.2732
119	-0.2732
119	-0.2732
119	-0.2732
119	-0.2732
119	-0.2732
119	-0.2732
119	-0.2732
119	-0.2732
119	-0.2732
119	-0.2732
119	-0.2732
119	-0.2732
119	-0.2732
119	-0.2732
119	-0.2732
119	-0.2732
119	-0.2732
119	-0.2732
119	-0.2732
119	-0.2732
119	-0.2732
119	-0.2732
119	-0.2732
119	-0.2732
119	-0.2732
119	-0.2732
119	-0.2732
119	-0.2732
119	-0.2732
119	-0.2732
119	-0.2732
119	-0.2732
119	-0.2732
119	-0.2732
119	-0.2732
119	-0.2732
119	-0.2732
119	-0.2732
119	-0.2732
119	-0.2732
119	-0.2732
119	-0.2732
119	-0.2732
119	-0.2732
119	-0.2732
119	-0.2732
119	-0.2732
119	-0.2732
119	-0.2732
119	-0.2732
119	-0.2732
119	-0.0516
119	-0.2732
119	-0.2732
119	-0.2732
119	-0.2732
119	-0.2732
119	-0.2732
119	-0.2732
119	-0.2732
119	-0.2732
119	-0.2732
119	-0.2732
119	-0.2732
119	-0.2732
119	-0.2732
119	-0.2732
119	-0.2732
119	-0.2732
119	-0.2732
119	-0.2732
119	-0.2732
119	-0.2732
119	-0.2732
119	-0.2732
119	-0.2732
119	-0.2732
119	-0.2732
119	-0.2732
119	-0.2732
119	-0.2732
119	-0.2732
119	-0.2732
119	-0.2732
119	-0.2732
119	-0.2732
119	-0.2732
119	-0.2732
119	-0.2732
119	-0.2732
119	-0.2732
119	-0.2732
119	-0.2732
119	-0.2732
119	-0.2732
119	-0.2732
119	-0.2732
119	-0.2732
119	-0.2732
119	-0.2732
119	-0.2732
119	-0.2732
119	-0.2732
119	-0.2732
119	-0.2732
119	-0.2732
119	-0.2732
119	-0.2732
119	-0.2732
119	-0.2263
119	-0.2732
119	-0.2732
119	-0.2732
119	-0.2732
119	-0.2732
119	-0.2732
119	-0.2732
119	-0.2732
119	-0.2732
119	-0.2732
119	-0.2732
119	-0.2732
119	-0.2732
119	-0.2732
119	-0.2732
119	-0.2732
119	-0.2732
119	-0.2732
119	-0.2732
119	-0.2732
119	-0.2732
119	-0.2732
119	-0.2732
119	-0.2732
119	-0.2732
119	-0.2732
119	-0.2732
119	-0.2732
119	-0.2732
119	-0.2732
119	-0.2732
119	-0.2732
119	-0.2732
119	-0.2732
119	-0.2732
119	-0.2732
119	-0.2732
119	-0.2732
119	-0.2732
119	-0.2732
119	-0.2732
119	-0.2732
119	-0.2732
119	-0.2732
119	-0.2732
119	-0.2732
119	-0.2732
119	-0.2732
119	-0.2732
119	-0.2732
119	-0.2732
119	-0.2732
119	-0.2732
119	-0.2732
119	-0.2732
119	-0.2732
119	-0.2732
119	-0.2732
119	-0.2732
119	-0.2732
119	-0.2732
119	-0.2732
119	-0.2732
119	-0.2732
119	-0.2732
119	-0.2732
119	-0.2732
119	-0.2732
119	-0.2732
119	-0.2732
119	-0.2732
119	-0.2732
119	-0.2732
119	-0.2732
119	-0.2732
119	-0.2732
119	-0.2732
119	-0.2732
119	-0.2732
119	-0.2732
119	-0.2732
119	-0.2732
119	-0.2732
119	-0.2732
119	-0.2732
119	-0.2732
119	-0.2732
119	-0.2732
119	-0.2732
119	-0.2732
119	-0.2732
119	-0.2732
119	-0.2732
119	-0.2732
119	-0.2732
119	-0.2732
119	-0.2732
119	-0.2732
119	-0.2732
119	-0.2732
119	-0.2732
119	-0.2732
119	-0.2732
119	-0.2732
119	-0.2732
119	-0.2732
119	-0.2732
119	-0.2732
119	-0.2732
119	-0.2732
119	-0.2732
119	-0.2732
119	-0.2732
119	-0.2732
119	-0.2732
119	-0.2732
119	-0.2732
119	0.1027
119	-0.2732
119	-0.2732
119	-0.2732
119	-0.2732
119	-0.2732
119	-0.2732
119	-0.2732
119	-0.2732
119	-0.2732
119	-0.2732
119	-0.2732
119	-0.2732
119	-0.2732
119	-0.2732
119	-0.2732
119	-0.2732
119	-0.2732
119	-0.2732
119	-0.2732
119	-0.2732
119	-0.2732
119	-0.2732
119	-0.2732
119	-0.2732
119	-0.2732
119	-0.2732
119	-0.2732
119	-0.2732
119	-0.2732
119	-0.2732
119	-0.2732
119	-0.2732
119	-0.2732
119	-0.2732
119	0.2263
119	-0.2732
119	-0.2732
119	-0.2732
119	-0.2732
119	-0.2732
119	-0.2732
119	-0.2732
119	-0.2732
119	-0.2732
119	-0.2732
119	-0.2732
119	-0.2732
119	-0.2732
119	-0.2732
119	-0.2732
119	-0.2732
119	-0.2732
119	-0.2732
119	-0.2732
119	-0.2732
119	-0.2732
119	-0.2732
119	-0.2732
119	-0.2732
119	-0.2732
119	-0.2732
119	-0.2732
119	-0.2732
119	-0.2732
119	-0.2732
119	-0.0258
119	-0.2732
119	-0.2732
119	-0.2732
119	-0.2732
119	-0.2732
119	-0.2732
119	-0.2732
119	-0.2732
119	-0.2732
119	-0.2732
119	-0.2732
119	-0.2732
119	-0.2732
119	-0.2732
119	-0.2732
119	-0.2732
119	-0.2732
119	-0.2732
119	-0.2732
119	-0.2732
119	-0.2732
119	-0.2732
119	-0.2732
119	-0.2732
119	-0.2732
119	-0.2732
119	-0.2732
119	-0.2732
119	-0.2732
119	-0.2732
119	-0.2732
119	-0.2732
119	-0.2732
119	-0.2732
119	-0.2732
119	-0.2732
119	-0.2732
119	-0.2732
119	-0.2732
119	-0.2732
119	-0.2732
119	-0.2732
119	-0.2732
119	-0.2732
119	-0.2732
119	-0.2732
119	-0.2732
119	-0.2732
119	-0.2732
119	-0.2732
119	-0.2732
119	-0.2732
119	-0.2732
119	-0.2732
119	-0.2732
119	-0.2732
119	-0.2732
119	-0.2732
119	-0.2732
119	-0.2732
119	-0.2732
119	-0.2732
119	-0.2732
119	-0.2732
119	-0.2732
119	-0.2732
119	-0.2732
119	-0.2732
119	-0.2732
119	-0.2732
119	-0.2732
119	-0.2732
119	-0.2732
119	-0.2732
119	-0.2732
119	-0.2732
119	-0.2732
119	-0.2732
119	-0.2732
119	-0.2732
119	-0.2732
119	-0.2732
119	-0.2732
119	-0.2732
119	-0.2732
119	-0.2732
119	-0.2732
119	-0.2732
119	-0.2732
119	-0.2732
119	-0.2732
119	-0.2732
119	-0.2732
119	-0.2732
119	-0.0516
119	-0.2732
119	-0.2732
119	-0.2732
119	-0.2732
119	-0.2732
119	-0.2732
119	-0.2732
119	-0.2732
119	-0.2732
119	-0.2732
119	-0.2732
119	-0.2732
119	-0.2732
119	-0.2732
119	-0.2732
119	-0.2732
119	-0.2732
119	-0.2732
119	-0.2732
119	-0.2732
119	-0.2732
119	-0.2732
119	-0.2732
119	-0.2732
119	-0.2732
119	-0.2732
119	-0.2732
119	-0.2732
119	-0.2732
119	-0.2732
119	-0.2732
119	-0.2732
119	-0.2732
119	-0.2732
119	-0.2732
119	-0.2732
119	-0.2732
119	-0.2732
119	0.1027
119	-0.2732
119	-0.2732
119	-0.2732
119	-0.2732
119	-0.2732
119	-0.2732
119	-0.2732
119	-0.2732
119	-0.2732
119	-0.2732
119	-0.2732
119	-0.2732
119	-0.2732
119	-0.2732
119	-0.2732
119	-0.2732
119	-0.2732
119	-0.2732
119	-0.2732
119	-0.2732
119	-0.2732
119	-0.2732
119	-0.2732
119	-0.2732
119	-0.2732
119	-0.2732
119	-0.2732
119	-0.2732
119	-0.2732
119	-0.2732
119	-0.2732
119	-0.2732
119	-0.2732
119	-0.2732
119	-0.2732
119	-0.2732
119	-0.2732
119	-0.2732
119	-0.2732
119	-0.2732
119	-0.2732
119	-0.2732
119	-0.2732
119	-0.2732
119	-0.2732
119	-0.2732
119	-0.2732
119	-0.2732
119	-0.2732
119	-0.2732
119	-0.2732
119	-0.2732
119	-0.2732
119	-0.2732
119	-0.2732
119	-0.2732
119	-0.2732
119	-0.2732
119	-0.2732
119	-0.2732
119	-0.2732
119	-0.2732
119	-0.2732
119	-0.2732
119	-0.2732
119	-0.2732
119	-0.2732
119	-0.2732
119	-0.2732
119	-0.2732
119	-0.2732
119	-0.2732
119	-0.2732
119	-0.2732
119	-0.2732
119	-0.2732
119	-0.2732
119	-0.2732
119	-0.2732
119	-0.2732
119	-0.2732
119	-0.2732
119	-0.2732
119	-0.2732
119	-0.2732
119	-0.2732
119	-0.2732
119	-0.2732
119	-0.2732
119	-0.2732
119	-0.2732
119	-0.2732
119	-0.2732
119	-0.2732
119	-0.2732
119	-0.2732
119	-0.2732
119	-0.2732
119	-0.2732
119	-0.2732
119	-0.2732
119	-0.2732
119	-0.2732
119	-0.2732
119	-0.2732
119	-0.2732
119	-0.2732
119	-0.2732
119	-0.5106
119	-0.2732
119	-0.2732
119	-0.2732
119	-0.2732
119	-0.2732
119	-0.2732
119	-0.2732
119	-0.2732
119	-0.2732
119	-0.2732
119	-0.2732
119	-0.2732
119	-0.2732
119	-0.2732
119	-0.2732
119	0.1027
119	-0.2732
119	-0.2732
119	-0.2732
119	-0.2732
119	-0.2732
119	-0.2732
119	-0.2732
119	-0.2732
119	-0.2732
119	-0.2732
119	-0.2732
119	-0.2732
119	-0.2732
119	-0.2732
119	-0.2732
119	-0.2732
119	-0.2732
119	-0.2732
119	-0.2732
119	-0.2732
119	-0.2732
119	-0.2732
119	-0.2732
119	-0.2732
119	-0.2732
119	-0.2732
119	-0.2732
119	-0.2732
119	-0.2732
119	-0.2732
119	-0.2732
119	-0.2732
119	-0.2732
119	-0.2732
119	-0.2732
119	-0.2732
119	-0.2732
119	-0.2732
119	-0.2732
119	-0.2732
119	-0.2732
119	-0.2732
119	-0.2732
119	-0.2732
119	-0.2732
119	-0.2732
119	-0.2732
119	-0.2732
119	-0.2732
119	-0.2732
119	-0.2732
119	-0.2732
119	-0.2732
119	-0.2732
119	-0.2732
119	-0.2732
119	-0.2732
119	-0.2732
119	-0.2732
119	-0.2732
119	-0.2732
119	-0.2732
119	-0.2732
119	-0.2732
119	-0.2732
119	-0.2732
119	-0.2732
119	-0.2732
119	-0.2732
119	-0.2732
119	-0.2732
119	-0.2732
119	-0.2732
119	-0.2732
119	-0.2732
119	-0.2732
119	-0.2732
119	-0.2732
119	-0.2732
119	-0.2732
119	-0.2732
119	-0.2732
119	-0.2732
119	-0.2732
119	-0.2732
119	-0.2732
119	-0.2732
119	-0.2732
119	0.1027
119	-0.2732
119	-0.2732
119	-0.2732
119	-0.2732
119	-0.2732
119	-0.2732
119	-0.2732
119	-0.2732
119	-0.2732
119	-0.2732
119	-0.2732
119	-0.2732
119	-0.2732
119	-0.2732
119	-0.2732
119	-0.2732
119	-0.2732
119	-0.2732
119	-0.2732
119	-0.2732
119	-0.2732
119	-0.2732
119	-0.2732
119	-0.2732
119	-0.2732
119	-0.2732
119	-0.2732
119	-0.2732
119	-0.2732
119	-0.2732
119	-0.2732
119	-0.2732
119	-0.2732
119	-0.2732
119	-0.2732
119	-0.2732
119	-0.2732
119	-0.2732
119	-0.2732
119	-0.2732
119	-0.2732
119	-0.2732
119	-0.2732
119	-0.2732
119	-0.2732
119	-0.2732
119	-0.2732
119	-0.2732
119	-0.2732
119	-0.2732
119	-0.2732
119	-0.2732
119	-0.2732
119	-0.2732
119	-0.2732
119	-0.2732
119	-0.2732
119	-0.2732
119	-0.2732
119	-0.2732
119	-0.2732
119	-0.2732
119	-0.2732
119	-0.2732
119	-0.2732
119	-0.2732
119	-0.2732
119	-0.2732
119	-0.2732
119	-0.2732
119	-0.2732
119	-0.2732
119	-0.2732
119	-0.2732
119	-0.2732
119	-0.2732
119	-0.2732
119	-0.2732
119	-0.2732
119	-0.2732
119	-0.2732
119	-0.2732
119	-0.2732
119	-0.2732
119	-0.2732
119	-0.2732
119	-0.2732
119	-0.2732
119	-0.2732
119	-0.2732
119	-0.2732
119	-0.2732
119	-0.2732
119	-0.2732
119	-0.2732
119	-0.2732
119	-0.2732
119	-0.2732
119	-0.2732
119	-0.2732
119	-0.2732
119	-0.2732
119	-0.2732
119	-0.2732
119	-0.2732
119	-0.2732
119	-0.2732
119	-0.2732
119	-0.2732
119	-0.2732
119	-0.2732
119	-0.2732
119	-0.2732
119	-0.2732
119	-0.2732
119	0.2263
119	-0.2732
119	-0.2732
119	-0.2732
119	-0.2732
119	-0.2732
119	-0.2732
119	-0.2732
119	-0.2732
119	-0.2732
119	-0.2732
119	-0.2732
119	-0.2732
119	-0.2732
119	-0.2732
119	-0.2732
119	-0.2732
119	-0.2732
119	-0.2732
119	-0.2732
119	-0.2732
119	-0.2732
119	-0.2732
119	-0.2732
119	-0.2732
119	-0.2732
119	-0.2732
119	-0.2732
119	-0.2732
119	-0.2732
119	-0.2732
119	-0.2732
119	-0.2732
119	-0.2732
119	-0.2732
119	-0.2732
119	-0.2732
119	-0.2732
119	-0.2732
119	-0.2732
119	-0.2732
119	-0.2732
119	-0.2732
119	-0.2732
119	-0.2732
119	-0.2732
119	-0.2732
119	-0.2732
119	-0.2732
119	-0.2732
119	-0.2732
119	-0.2732
119	-0.2732
119	-0.2732
119	-0.2732
119	-0.2732
119	-0.2732
119	-0.2732
119	-0.2732
119	-0.2732
119	-0.2732
119	-0.2732
119	-0.2732
119	-0.2732
119	-0.2732
119	-0.2732
119	-0.2732
119	-0.2732
119	-0.2732
119	-0.2732
119	-0.2732
119	-0.2732
119	-0.2732
119	-0.2732
119	-0.2732
119	-0.2732
119	-0.2732
119	-0.2732
119	-0.2732
119	-0.2732
119	-0.2732
119	-0.2732
119	-0.2732
119	-0.2732
119	-0.2732
119	-0.2732
119	0.0258
119	-0.2732
119	-0.2732
119	-0.2732
119	-0.2732
119	-0.2732
119	-0.2732
119	-0.2732
119	-0.2732
119	-0.2732
119	-0.2732
119	-0.2732
119	-0.2732
119	-0.2732
119	-0.2732
119	-0.2732
119	-0.2732
119	-0.2732
119	-0.2732
119	-0.2732
119	-0.2732
119	-0.2732
119	-0.2732
119	-0.2732
119	0.1027
119	-0.2732
119	-0.2732
119	-0.2732
119	-0.2732
119	-0.2732
119	-0.2732
119	-0.2732
119	-0.2732
119	-0.2732
119	-0.2732
119	-0.2732
119	-0.2732
119	-0.2732
119	-0.2732
119	-0.2732
119	-0.2732
119	-0.2732
119	-0.2732
119	-0.2732
119	-0.2732
119	-0.2732
119	-0.2732
119	-0.2732
119	-0.2732
119	-0.2732
119	-0.0772
119	-0.2732
119	-0.2732
119	-0.2732
119	-0.2732
119	-0.2732
119	-0.2732
119	-0.2732
119	-0.2732
119	-0.2732
119	-0.2732
119	-0.2732
119	-0.2732
119	-0.2732
119	-0.2732
119	-0.2732
119	-0.2732
119	-0.2732
119	-0.2732
119	-0.2732
119	-0.2732
119	-0.2732
119	-0.2732
119	-0.2732
119	-0.2732
119	-0.2732
119	-0.2732
119	-0.2732
119	-0.2732
119	-0.2732
119	-0.2732
119	-0.2732
119	-0.2732
119	-0.2732
119	-0.2732
119	-0.2732
119	-0.2732
119	-0.2732
119	-0.2732
119	-0.2732
119	-0.2732
119	-0.2732
119	-0.2732
119	-0.2732
119	-0.2732
119	-0.2732
119	-0.2732
119	-0.2732
119	-0.2732
119	-0.2732
119	-0.2732
119	-0.2732
119	-0.2732
119	-0.2732
119	-0.2732
119	-0.2732
119	-0.2732
119	-0.2732
119	-0.2732
119	-0.2732
119	-0.2732
119	-0.2732
119	-0.2732
119	-0.2732
119	-0.2732
119	-0.2732
119	-0.2732
119	-0.2732
119	-0.2732
119	-0.2732
119	-0.2732
119	-0.2732
119	-0.2732
119	-0.2732
119	-0.2732
119	-0.2732
119	-0.2732
119	-0.2732
119	-0.2732
119	-0.2732
119	-0.2732
119	-0.2732
119	-0.2732
119	-0.2732
119	-0.2732
119	-0.2732
119	-0.2732
119	-0.2732
119	-0.2732
119	-0.2732
119	-0.2732
119	-0.2732
119	-0.2732
119	-0.2732
119	-0.2732
119	-0.2732
119	-0.2732
119	-0.2732
119	-0.2732
119	-0.2732
119	-0.2732
119	-0.2732
119	-0.2732
119	-0.2732
119	-0.2732
119	-0.2732
119	-0.2732
119	-0.2732
119	-0.2732
119	-0.2732
119	-0.2732
119	-0.2732
119	-0.2732
119	-0.2732
119	-0.2732
119	-0.2732
119	-0.2732
119	-0.2732
119	-0.2732
119	-0.2732
119	-0.2732
119	-0.2732
119	-0.2732
119	-0.2732
119	-0.2732
119	-0.2732
119	-0.2732
119	-0.2732
119	-0.2732
119	-0.2732
119	-0.2732
119	-0.2732
119	-0.2732
119	-0.2732
119	-0.2732
119	-0.2732
119	-0.2732
119	-0.2732
119	-0.2732
119	-0.2732
119	-0.2732
119	-0.2732
119	-0.2732
119	-0.2732
119	-0.2732
119	-0.2732
119	-0.2732
119	-0.2732
119	-0.2732
119	-0.2732
119	-0.2732
119	-0.2732
119	-0.2732
119	-0.2732
119	-0.2732
119	-0.2732
119	-0.2732
119	-0.2732
119	-0.2732
119	-0.2732
119	-0.2732
119	-0.2732
119	-0.2732
119	-0.2732
119	-0.2732
119	-0.2732
119	-0.2732
119	-0.2732
119	-0.2732
119	-0.2732
119	-0.2732
119	-0.2732
119	-0.2732
119	-0.2732
119	-0.2732
119	-0.2732
119	-0.2732
119	-0.2732
119	-0.2732
119	-0.2732
119	-0.2732
119	-0.2732
119	-0.2732
119	-0.2732
119	-0.2732
119	-0.2732
119	-0.2732
119	-0.2732
119	-0.2732
119	-0.2732
119	-0.2732
119	-0.2732
119	-0.2732
119	-0.2732
119	-0.2732
119	-0.2732
119	-0.2732
119	-0.2732
119	-0.2732
119	-0.2732
119	-0.2732
119	-0.2732
119	-0.2732
119	-0.2732
119	-0.2732
119	-0.2732
119	-0.2732
119	-0.2732
119	-0.0516
119	-0.2732
119	-0.2732
119	-0.2732
119	-0.2732
119	-0.2732
119	-0.2732
119	-0.2732
119	-0.2732
119	-0.2732
119	-0.2732
119	-0.2732
119	-0.2732
119	-0.2732
119	-0.2732
119	-0.2732
119	-0.2732
119	-0.2732
119	-0.2732
119	-0.2732
119	-0.2732
119	-0.2732
119	-0.2732
119	-0.2732
119	-0.2732
119	-0.2732
119	-0.2732
119	-0.2732
119	0.3182
119	-0.2732
119	-0.2732
119	-0.2732
119	-0.2732
119	-0.2732
119	-0.2732
119	-0.2732
119	-0.2732
119	-0.2732
119	-0.2732
119	-0.2732
119	-0.2732
119	-0.2732
119	-0.2732
119	-0.2732
119	-0.2732
119	-0.2732
119	-0.2732
119	-0.2732
119	-0.2732
119	-0.2732
119	-0.2732
119	-0.2732
119	-0.2732
119	0.2263
119	-0.2732
119	-0.2732
119	-0.2732
119	-0.2732
119	0.0258
119	-0.2732
119	-0.2732
119	-0.2732
119	-0.2732
119	-0.2732
119	-0.2732
119	-0.2732
119	-0.2732
119	-0.2732
119	-0.2732
119	-0.2732
119	-0.2732
119	-0.2732
119	-0.2732
119	-0.2732
119	-0.2732
119	-0.2732
119	-0.2732
119	-0.2732
119	-0.2732
119	-0.2732
119	-0.2732
119	-0.2732
119	-0.2732
119	-0.2732
119	-0.2732
119	-0.2732
119	-0.2732
119	-0.2732
119	-0.2732
119	-0.2732
119	-0.2732
119	-0.2732
119	-0.2732
119	0.1027
119	-0.2732
119	-0.2732
119	-0.2732
119	-0.2732
119	-0.2732
119	-0.2732
119	-0.2732
119	-0.2732
119	-0.2732
119	-0.2732
119	-0.2732
119	-0.2732
119	-0.2732
119	-0.2732
119	-0.2732
119	-0.2732
119	-0.2732
119	-0.2732
119	-0.2732
119	-0.2732
119	-0.2732
119	-0.2732
119	-0.2732
119	-0.2732
119	-0.2732
119	-0.2732
119	-0.2732
119	-0.2732
119	-0.2732
119	-0.2732
119	-0.2732
119	-0.2732
119	-0.2732
119	-0.2732
119	-0.2732
119	-0.2732
119	-0.2732
119	-0.2732
119	-0.2732
119	-0.2732
119	-0.2732
119	-0.2732
119	-0.2732
119	-0.2732
119	-0.2732
119	-0.2732
119	-0.2732
119	-0.2732
119	-0.2732
119	-0.2732
119	-0.2732
119	-0.2732
119	-0.2732
119	-0.2732
119	-0.2732
119	-0.2732
119	-0.2732
119	-0.2732
119	-0.2732
119	-0.2732
119	-0.2732
119	-0.2732
119	-0.2732
119	-0.2732
119	-0.2732
119	-0.2732
119	-0.2732
119	-0.2732
119	-0.2732
119	-0.2732
119	-0.2732
119	-0.2732
119	-0.2732
119	-0.2732
119	-0.2732
119	-0.2732
119	-0.2732
119	-0.2732
119	-0.2732
119	-0.2732
119	-0.2732
119	-0.2732
119	-0.2732
119	-0.2732
119	-0.2732
119	-0.2732
119	-0.2732
119	-0.2732
119	-0.2732
119	-0.2732
119	-0.2732
119	-0.2732
119	-0.2732
119	-0.2732
119	-0.2732
119	-0.2732
119	-0.2732
119	-0.2732
119	-0.2732
119	-0.2732
119	-0.2732
119	-0.2732
119	-0.2732
119	-0.2732
119	-0.2732
119	-0.2732
119	-0.2732
119	-0.2732
119	-0.2732
119	-0.2732
119	-0.2732
119	-0.2732
119	-0.2732
119	0.1027
119	-0.2732
119	-0.2732
119	-0.2732
119	-0.2732
119	-0.2732
119	-0.2732
119	-0.2732
119	-0.2732
119	-0.2732
119	-0.2732
119	-0.2732
119	-0.2732
119	-0.2732
119	-0.2732
119	-0.2732
119	-0.2732
119	-0.2732
119	-0.2732
119	-0.2732
119	-0.2732
119	-0.2732
119	-0.2732
119	-0.2732
119	-0.2732
119	-0.2732
119	-0.2732
119	-0.2732
119	-0.2732
119	-0.2732
119	-0.2732
119	-0.2732
119	-0.2732
119	-0.2732
119	-0.2732
119	-0.2732
119	-0.2732
119	-0.2732
119	-0.2732
119	-0.2732
119	-0.2732
119	-0.2732
119	-0.2732
119	-0.2732
119	-0.2732
119	-0.2732
119	-0.2732
119	-0.2732
119	-0.2732
119	-0.2732
119	-0.2732
119	-0.2732
119	-0.2732
119	-0.2732
119	-0.2732
119	-0.2732
119	-0.2732
119	-0.2732
119	-0.2732
119	-0.2732
119	-0.2732
119	-0.2732
119	-0.2732
119	-0.2732
119	-0.2732
119	-0.2732
119	-0.2732
119	-0.2732
119	-0.2732
119	-0.2732
119	-0.2732
119	-0.2732
119	-0.2732
119	-0.2732
119	-0.2732
119	-0.2732
119	-0.2732
119	-0.2732
119	-0.2732
119	-0.2732
119	-0.2732
119	-0.2732
119	-0.2732
119	-0.2732
119	-0.2732
119	-0.2732
119	-0.2732
119	-0.2732
119	-0.2732
119	-0.2732
119	-0.2732
119	-0.2732
119	-0.2732
119	-0.2732
119	-0.2732
119	-0.2732
119	-0.2732
119	-0.2732
119	-0.2732
119	-0.2732
119	-0.2732
119	-0.2732
119	-0.2732
119	-0.2732
119	-0.2732
119	-0.2732
119	-0.2732
119	-0.2732
119	-0.2732
119	-0.2732
119	-0.2732
119	-0.2732
119	-0.2732
119	-0.2732
119	-0.2732
119	-0.2732
119	-0.2732
119	-0.2732
119	-0.2732
119	-0.2732
119	-0.2732
119	-0.2732
119	-0.2732
119	-0.2732
119	-0.2732
119	-0.2732
119	-0.2732
119	-0.2732
119	-0.2732
119	-0.2732
119	-0.2732
119	-0.2732
119	-0.2732
119	-0.2732
119	-0.2732
119	-0.2732
120	-0.2263
120	0.0
120	0.0
120	-0.7096
120	-0.4019
121	0.25
121	0.0
121	-0.2732
121	0.0
121	0.0
121	0.3612
121	-0.3612
121	-0.3818
121	-0.5994
122	-0.0258
122	0.0
122	0.0
123	-0.2263
123	0.0
123	0.0
