Date	Val
1	-0.5423
1	-0.296
1	-0.5859
2	0.0
2	-0.0258
5	-0.8658
5	0.296
7	0.0
7	-0.3182
7	-0.2732
7	-0.296
7	-0.7184
7	-0.7184
7	0.5106
8	0.3818
9	0.0
9	-0.5994
9	0.128
9	0.5859
10	0.0
10	-0.25
10	0.0
11	0.0
12	-0.2732
12	0.1027
12	0.0
13	0.0
13	-0.7506
14	0.0
14	0.3818
14	0.0
14	0.0
14	0.0
14	0.2263
14	-0.4449
15	0.0
15	0.0
15	0.0
15	0.4588
16	0.0
16	0.5859
16	0.0
18	-0.2263
18	0.0
18	0.4005
18	-0.34
19	0.5216
19	0.3182
19	0.5994
20	-0.5859
20	0.0
20	0.3612
20	-0.7579
20	0.3612
20	0.0
20	0.0
21	0.0
21	0.0
21	0.0
21	0.0
22	-0.1027
22	0.0
22	0.0
22	0.0
22	0.7717
22	0.0
22	0.0
22	-0.2263
22	0.0
23	-0.5267
23	0.0
23	-0.34
23	-0.7269
23	0.0
23	0.0
23	0.5423
23	-0.4404
24	-0.4939
25	0.0
25	0.0
25	0.0
25	0.25
25	0.0
25	0.0
26	0.0
26	0.0
26	0.34
26	0.0
26	-0.3182
26	0.5574
26	-0.3182
27	-0.6249
27	0.0
27	0.0
27	0.0
27	0.0
27	-0.2732
27	0.0
27	-0.25
28	0.5574
28	0.0
28	0.5574
28	0.0
28	0.0
28	0.0
28	-0.6597
28	0.0
28	0.0
28	0.0
28	0.0
28	0.0
28	0.0
28	0.0
28	0.0
28	0.0
28	0.0
28	0.0
28	0.0
28	0.0
28	0.0
28	0.0
28	0.0
28	0.0
28	0.0
28	0.0
28	0.0
28	0.0
28	0.0
28	0.0
28	0.0
28	0.0
28	0.0
28	0.0
28	0.0
28	0.0
28	0.0
28	0.0
28	0.0
28	0.0
28	0.0
28	0.0
28	0.0
28	0.0
28	0.0
28	0.0
28	0.0
28	0.0
28	0.0
28	0.0
28	0.0
28	0.0
28	0.0
28	0.0
28	0.0
28	0.0
28	0.0
28	0.0
28	0.0
28	0.0
28	0.0
28	0.0
28	0.0
28	0.0
28	0.0
28	0.0
28	0.0
28	0.0
28	0.0
28	0.0
28	0.0
28	0.0
28	0.0
28	0.0
28	0.0
28	0.0
28	0.0
28	0.0
28	0.0
28	0.0
28	0.0
28	0.0
28	0.0
28	0.0
28	0.0
28	0.0
28	0.0
28	0.0
28	0.0
28	0.0
28	0.0
28	0.0
28	0.0
28	0.0
28	0.0
28	0.0
28	0.0
28	0.0
28	0.4019
28	0.0
28	0.0
28	0.0
28	0.0
28	0.0
28	0.0
28	0.0
28	0.0
28	0.0
28	0.0
28	0.0
28	0.0
28	0.0
28	0.0
28	0.0
28	0.0
28	0.0
28	0.0
28	0.0
28	0.0
28	0.0
28	0.0
28	0.0
28	0.0
28	0.0
28	0.0
28	0.0
28	0.0
28	0.0
29	0.0
29	-0.4215
29	-0.3182
29	0.0
29	-0.4588
29	-0.2023
29	-0.5994
29	-0.3595
29	0.0
29	0.0
29	-0.6808
29	0.5859
29	0.25
29	0.25
29	0.0
30	-0.0258
30	0.0
30	0.3412
30	0.0
30	0.0
30	0.0
30	0.0
30	-0.34
30	0.0
30	0.0
30	0.0
30	0.5719
30	0.5423
30	0.4019
30	-0.5423
30	0.0
30	0.4019
30	0.0
30	-0.2023
31	0.34
31	0.0
31	0.0
31	0.0772
31	-0.296
32	-0.6705
32	0.0258
32	0.0
32	0.0
32	-0.765
32	0.0
32	0.4939
32	-0.3612
32	0.0
32	0.0
32	0.0
32	0.0
33	-0.4939
33	0.3818
33	-0.4215
33	0.0
33	0.0
33	-0.34
33	0.0
33	0.0
33	0.0
33	-0.0572
33	-0.4215
33	0.0
33	0.4019
33	0.0
33	0.0
33	0.4696
33	-0.2263
33	0.0
33	0.0
33	0.0
33	0.3818
33	-0.4767
33	0.0
33	0.0
33	-0.4215
33	0.0
33	-0.7506
33	0.296
33	0.0
33	0.0
33	0.0
33	-0.296
33	0.0
33	0.0
34	0.6369
34	-0.3582
34	0.0
34	-0.4939
34	-0.1779
34	0.0
34	-0.1779
34	-0.4588
34	-0.4215
34	0.0
34	-0.3182
34	0.0
34	0.0
34	0.0
34	0.0
34	0.128
34	0.0
34	-0.3182
34	0.0
34	0.0258
34	0.0
34	0.0
34	0.0
34	0.4215
34	-0.3182
34	-0.4745
34	0.0
34	0.0
34	0.0
34	0.0
34	0.0
34	0.0
34	0.0
34	0.0
34	-0.5423
34	0.0
34	0.0
34	0.0
34	0.0
34	0.6834
34	0.4767
34	0.0
34	0.0
34	0.0
34	0.0
34	0.0
34	0.0
34	0.0
34	0.0
34	0.0
34	0.0
34	0.0
34	0.0
34	0.0
34	0.0
34	0.0
34	0.0
34	0.0
34	0.0
34	0.0
34	0.0
34	0.0
34	0.0
34	0.0
34	0.0
34	0.0
34	0.0
34	0.0
34	0.0
34	0.0
34	0.0
34	0.0
34	0.0
34	0.0
34	0.0
34	0.0
34	0.0
34	0.0
34	0.0
34	0.0
34	0.0
34	0.0
34	0.0
34	0.0
34	0.0
34	0.0
34	0.0
34	0.0
34	0.0
34	0.0
34	0.0
34	0.0
34	0.0
34	0.0
34	0.0
34	0.0
34	0.0
34	0.0
34	0.0
34	0.0
34	0.0
34	0.0
34	0.0
34	0.0
34	0.0
34	0.0
34	0.0
34	0.0
34	0.0
34	0.0
34	0.0
34	0.0
34	0.0
34	0.0
34	0.0
34	0.0
34	0.0
34	0.0
34	0.0
34	0.0
34	0.0
34	0.0
34	0.0
34	0.0
34	0.0
34	0.0
34	0.0
34	0.0
34	0.0
34	0.0
34	0.0
34	0.0
34	0.0
34	0.0
34	0.0
34	0.0
34	0.0
34	0.4019
34	0.0
34	0.0
34	0.0
34	0.0
34	0.0
34	0.0
34	0.0
34	0.0
34	0.0
34	0.0
34	0.0
34	0.0
34	0.0
34	0.0
34	0.0
34	0.0
34	0.0
34	0.0
34	0.0
34	0.0
34	0.0
34	0.0
34	0.0
34	0.0
34	0.0
34	0.0
34	0.0
34	0.0
34	0.0
34	0.0
34	0.0
34	0.0
34	0.0
34	0.0
34	0.0
34	0.0
34	0.0
34	0.0
34	0.0
34	0.0
34	0.0
34	0.0
34	0.0
34	0.0
34	0.0
34	0.0
34	0.0
34	0.0
34	0.0
34	0.0
34	0.0
34	0.0
34	0.0
34	0.0
34	0.0
34	0.0
34	0.0
34	0.0
34	0.0
34	0.0
34	0.0
34	0.0
34	0.0
34	0.0
34	0.0
34	0.0
34	0.0
34	0.0
34	0.0
34	0.0
34	0.0
34	0.0
34	0.0
34	0.0
34	0.0
34	0.0
34	0.0
34	0.0
34	0.0
34	0.0
34	0.0
34	0.0
34	0.0
34	0.0
34	0.0
34	0.0
34	0.0
34	0.0
34	0.0
34	0.0
34	0.0
34	0.0
34	0.0
34	0.0
34	0.0
34	0.0
34	0.0
34	0.0
34	0.0
34	0.0
34	0.0
34	0.0
34	0.0
34	0.0
34	0.0
34	0.0
34	0.0
34	0.0
34	0.0
34	0.4019
34	0.0
34	0.0
34	0.0
34	0.0
34	0.0
34	0.0
34	0.0
34	0.0
34	0.0
34	0.0
34	0.0
34	0.0
34	0.0
34	0.0
34	0.0
34	0.0
34	0.0
34	0.0
34	0.0
34	0.0
34	0.0
34	0.0
34	0.0
34	0.0
34	0.0
34	0.0
34	0.0
34	0.0
34	0.0
34	0.0
34	0.0
34	0.0
34	0.0
34	0.0
34	0.0
34	0.0
34	0.0
34	0.0
34	0.0
34	0.0
34	0.0
34	0.0
34	0.0
34	0.0
34	0.0
34	0.0
34	0.0
34	0.0
34	0.0
34	0.0
34	0.0
34	0.0
34	0.0
34	0.0
34	0.0
34	0.0
34	0.0
34	0.0
34	0.0
34	0.0
34	0.0
34	0.0
34	0.0
34	0.2263
34	0.0
34	0.0
34	0.0
34	0.0
34	0.0
34	0.0
34	0.0
34	0.0
34	0.0
34	0.0
34	0.0
34	0.0
34	0.0
34	0.0
34	0.0
34	0.0
34	0.0
34	0.0
34	0.0
34	0.0
34	0.0
34	0.0
34	0.0
34	0.0
34	0.0
34	0.0
34	0.0
34	0.0
34	0.0
34	0.0
34	0.0
34	0.0
34	0.0
34	0.0
34	0.0
34	0.0
34	0.0
34	0.0
34	0.0
34	0.0
34	0.0
34	0.0
34	0.0
34	0.0
34	0.0
34	0.0
34	0.0
34	0.0
34	0.0
34	0.0
34	0.0
34	-0.0516
34	0.0
34	0.0
34	0.0
34	0.0
34	0.0
34	0.0
34	0.0
34	0.0
34	0.0
34	0.0
34	0.0
34	0.0
34	0.0
34	0.0
34	0.0
34	0.0
34	0.0
34	0.0
34	0.0
34	0.0
34	0.0
34	0.2732
34	0.0
34	0.0
34	0.0
34	0.0
34	0.0
34	0.0
34	0.0
34	0.0
34	0.0
34	0.0
34	0.0
34	0.0
34	0.0
34	0.0
34	0.0
34	0.0
34	0.0
34	0.0
34	0.0
34	0.0
34	0.0
34	0.0
34	0.0
34	0.0
34	0.0
34	0.0
34	0.0
34	0.0
34	0.0
34	0.0
34	0.0
34	0.0
34	0.0
34	0.0
34	0.0
34	0.0
34	0.0
34	0.0
34	0.0
34	0.0
34	0.0
34	0.0
34	0.0
34	0.0
34	0.0
34	0.0
34	0.0
34	0.0
34	0.0
34	0.0
34	0.0
34	0.0
34	0.0
34	0.0
34	0.0
34	0.0
34	0.0
34	0.0
34	0.0
34	0.0
34	0.0
34	0.0
34	0.0
34	0.0
34	0.0
34	0.0
34	0.0
34	0.0
34	0.4215
34	0.0
34	0.0
34	-0.5574
34	0.0
34	0.0
34	0.0
34	0.0
34	0.0
34	0.0
34	0.2263
34	0.0
34	0.0
34	0.0
34	0.0
34	0.0
34	0.0
34	0.0
34	0.0
34	0.0
34	0.0
34	0.0
34	0.0
34	0.0
34	0.0
34	0.0
34	0.0
34	0.0
34	0.0
34	0.0
34	0.0
34	0.0
34	0.0
34	0.0
34	0.0
34	0.0
34	0.0
34	0.0
34	0.0
34	0.0
34	0.0
34	0.0
34	0.0
34	0.0
34	0.0
34	0.0
34	0.2263
34	0.0
34	0.0
34	0.0
34	0.0
34	0.0
34	0.0
34	0.0
34	0.0
34	0.0
34	0.0
34	0.0
34	0.0
34	0.0
34	0.0
34	0.0
34	0.0
34	-0.6124
34	0.0
34	0.0
34	0.0
34	0.0
34	0.0
34	0.0
34	0.0
34	0.0
34	0.0
34	0.0
34	0.0
34	-0.5574
34	0.0
34	0.0
34	0.0
34	0.0
34	0.0
34	0.0
34	0.0
34	0.0
34	0.0
34	0.0
34	0.3182
34	0.0
34	0.0
34	0.0
34	0.0
34	0.0
34	0.0
34	0.0
34	0.0
34	0.0
34	0.0
34	0.0
34	0.0
34	0.0
34	0.0
34	0.0
34	0.0
34	0.0
34	0.0
34	0.0
34	0.0
34	0.0
34	0.0
34	0.0
34	0.0
34	0.0
34	0.0
34	0.0
34	0.0
34	0.0
34	0.0
34	0.0
34	0.0
34	0.0
34	0.0
34	0.0
34	0.0
34	0.0
34	0.0
34	0.0
34	0.0
34	0.0
34	0.2263
34	0.0
34	0.0
34	0.0
34	0.0
34	0.0
34	0.0
34	0.0
34	0.0
34	0.0
34	0.0
34	0.0
34	0.0
34	0.0
34	0.0
34	0.0
34	0.0
34	0.0
34	0.0
34	0.0
34	0.0
34	0.0
34	0.0
34	0.0
34	0.0
34	0.0
34	0.0
34	0.0
34	0.0
34	0.0
34	0.0
34	0.0
34	0.0
34	0.0
34	0.0
34	0.0
34	0.0
34	0.0
34	0.0
34	0.0
34	0.0
34	0.0
34	0.0
34	0.0
34	0.0
34	0.0
34	0.0
34	0.0
34	0.0
34	0.0
34	0.0
34	0.0
34	0.0
34	0.0
34	0.0
34	0.4215
34	0.0
34	0.0
34	0.0
34	0.0
34	0.0
34	0.0
34	0.0
34	-0.5859
34	0.0
35	-0.7717
35	-0.8779
35	0.0
35	0.2732
35	0.0
35	-0.3804
35	-0.3818
35	0.0
35	0.0
35	-0.296
35	0.0
35	0.0
35	0.0
35	0.0
35	0.0
35	0.0
35	0.5574
35	0.0
35	0.5574
35	0.0
35	-0.1779
35	-0.2263
35	0.4859
35	0.0
35	0.2782
35	-0.3182
35	0.0
36	-0.5859
36	0.0
36	0.0
36	0.0
36	0.3612
36	0.3612
36	0.4215
36	0.4019
36	0.0
36	0.0
36	-0.3182
36	-0.0516
36	0.0
36	-0.7184
37	-0.4939
37	-0.4767
37	0.0
37	-0.5859
37	0.5719
37	0.0
37	-0.2263
37	-0.4588
37	0.0
37	0.0772
37	-0.5859
37	0.0
37	0.0
37	-0.2057
38	0.3612
38	-0.2023
38	-0.296
38	0.0
38	0.4404
38	0.0
38	0.0
38	0.0772
38	-0.4215
38	0.0
38	0.0
38	0.0
38	-0.296
38	0.5719
39	-0.1531
39	0.2235
39	-0.4215
39	0.5719
39	0.0
40	0.5719
40	0.0
40	0.0
40	-0.5267
40	0.7717
40	0.0
40	0.0772
40	-0.128
40	-0.4019
41	-0.34
41	0.5719
41	0.743
41	0.0
41	-0.2263
41	-0.0516
41	0.0
41	0.0
42	0.0
42	-0.5719
42	-0.3182
42	0.6908
42	0.4585
42	0.3612
42	0.0
42	0.0
42	0.0
42	-0.4404
42	-0.4215
42	-0.4404
43	0.34
43	-0.4404
43	-0.4404
43	0.0
43	0.0
43	0.0
43	-0.34
43	0.0
44	-0.7269
44	0.0
44	0.128
44	0.4005
44	-0.5859
44	-0.5994
44	0.0
44	0.0
45	0.0
45	-0.8176
45	-0.343
45	0.0258
46	0.0
47	0.4019
47	0.0
47	-0.802
47	0.0
47	0.5719
47	0.0
47	0.0258
48	0.2263
48	0.4939
48	-0.34
48	0.0
48	0.7717
48	0.4215
48	0.3818
48	0.0
49	-0.7351
49	-0.4019
49	-0.0516
49	0.4005
49	-0.5267
49	-0.5423
50	-0.5829
50	-0.6808
50	0.0
50	0.5719
51	0.0
51	0.0
51	0.0
51	-0.3182
51	-0.296
52	0.0
52	-0.4019
53	0.6249
54	-0.296
54	-0.3182
54	-0.128
54	0.5859
55	0.0
55	0.0
55	-0.5106
55	0.0
55	-0.5423
55	0.0
56	0.7184
56	-0.765
58	-0.7003
59	-0.3182
61	-0.3612
62	0.0
62	0.0
63	0.0
63	-0.743
63	0.3182
63	-0.743
63	0.0
63	-0.3818
64	0.0
64	-0.7783
64	0.4019
65	-0.5106
65	-0.3182
66	0.0
66	-0.4939
66	0.0
67	0.0
68	0.2411
68	0.2263
68	-0.4588
68	-0.4588
68	-0.3182
68	0.0
69	-0.3182
69	0.7269
69	0.5574
70	-0.7717
71	-0.2263
71	0.0
71	-0.6808
71	-0.2732
71	-0.5859
71	-0.2732
72	-0.4019
72	-0.2023
72	-0.2263
72	0.4019
72	0.1027
74	0.0
74	-0.6249
75	-0.4939
75	-0.5106
76	0.0772
76	0.0
77	-0.8591
77	-0.8658
78	-0.4497
78	-0.3182
80	0.0
80	-0.1779
82	0.128
83	-0.296
84	0.0
84	0.0
91	0.0772
92	0.3612
93	0.3612
94	-0.2263
94	-0.0516
95	-0.2263
96	-0.3818
96	-0.6369
96	0.0
96	0.0
96	-0.5423
96	-0.2263
96	-0.743
96	0.0
97	-0.5719
97	0.0
97	0.0
97	-0.5859
97	-0.296
97	0.0
97	-0.0516
97	0.0
97	0.0
97	0.0
97	0.0
97	0.0
97	0.0
97	0.0
97	0.0
97	0.0
97	0.0
97	0.0
97	0.0
97	0.0
97	0.0
97	0.0
97	0.0
97	0.0
97	0.0
97	0.0
97	0.0
97	0.0
97	0.0
97	0.0
97	0.0
97	0.0
97	0.0
97	0.0
97	0.0
97	0.0
97	0.0
97	0.0
97	0.0
97	0.0
97	0.0
97	0.0
97	0.0
97	0.0
97	0.0
97	0.0
97	0.0
97	0.0
97	0.0
97	0.0
97	0.0
97	0.0
97	0.0
97	0.0
97	0.0
97	0.0
97	0.0
97	0.0
97	0.0
97	0.0
97	0.0
97	0.0
97	0.0
97	0.0
97	0.0
97	0.0
97	0.0
97	0.0
97	0.0
97	0.0
97	0.0
97	0.0
97	0.0
97	0.0
97	0.0
97	0.0
97	0.0
97	0.0
97	0.0
97	0.0
97	0.0
97	0.0
97	0.0
97	0.0
97	0.0
97	0.0
97	0.0
97	0.0
97	0.0
97	0.0
97	0.0
97	0.0
97	0.0
97	0.0
97	0.0
97	0.0
97	0.0
97	0.0
97	0.0
97	0.0
97	0.0
97	0.0
97	0.0
97	0.0
97	0.0
97	0.0
97	0.0
97	0.0
97	0.0
97	0.0
97	0.0
97	0.0
97	0.0
97	0.0
97	0.0
97	0.0
97	0.0
97	0.0
97	0.0
97	0.0
97	0.0
97	0.0
97	0.0
97	0.0
97	0.0
97	0.0
97	0.0
97	0.0
97	0.0
97	0.0
97	0.0
97	0.0
97	0.0
97	0.0
97	0.0
97	0.0
97	0.0
97	0.0
97	0.0
97	0.0
97	0.0
97	0.0
97	0.0
97	0.0
97	0.0
97	0.0
97	0.0
97	0.0
97	0.0
97	0.0
97	0.0
97	0.0
97	0.0
97	0.0
97	0.0
97	0.0
97	0.0
97	0.0
97	0.0
97	0.0
97	0.0
97	0.0
97	0.0
97	0.0
97	0.0
97	0.0
97	0.0
97	0.0
97	0.0
97	0.0
97	0.0
97	0.0
97	0.0
97	0.0
97	0.0
97	0.0
97	0.0
97	0.0
97	0.0
97	0.0
97	0.0
97	0.0
97	0.0
97	0.0
97	0.0
97	0.0
97	0.0
97	0.0
97	0.0
97	0.0
97	0.0
97	0.0
97	0.0
97	0.0
97	0.0
97	0.0
97	0.0
97	0.0
97	0.0
97	0.0
97	0.0
97	0.0
97	0.0
97	0.0
97	0.0
97	0.0
97	0.0
97	0.0
97	0.0
97	0.0
97	0.0
97	0.0
97	0.4215
97	0.0
97	0.0
97	0.0
97	0.0
97	0.0
97	0.0
97	0.0
97	0.0
97	0.0
97	0.0
97	0.0
97	0.0
97	0.0
97	0.0
97	0.0
97	0.0
97	0.0
97	0.0
97	0.0
97	0.0
97	0.0
97	0.0
97	0.0
97	0.0
97	0.0
97	0.0
97	0.0
97	0.0
97	0.0
97	-0.5574
97	0.0
97	0.0
97	0.0
97	0.0
97	0.0
97	0.0
97	0.0
97	0.0
97	0.0
97	0.0
97	0.0
97	0.0
97	0.0
97	0.0
97	0.0
97	0.2263
97	0.4215
97	0.0
97	0.0
97	0.0
97	0.0
97	0.0
97	0.0
97	0.0
97	0.0
97	0.0
97	0.0
97	0.0
97	0.0
97	0.0
97	0.0
97	0.0
97	0.0
97	0.0
97	0.0
97	0.0
97	0.0
97	0.0
97	0.0
97	0.0
97	0.0
97	0.0
97	0.0
97	0.0
97	0.0
97	0.0
97	0.0
97	0.0
97	0.0
97	0.0
97	0.0
97	0.0
97	0.0
97	0.0
97	0.0
97	0.0
97	0.0
97	0.0
97	0.0
97	0.0
97	0.0
97	0.0
97	0.0
97	0.0
97	0.0
97	0.0
97	0.0
97	0.0
97	0.0
97	0.0
97	0.0
97	0.0
97	0.0
97	0.0
97	0.0
97	0.0
97	0.0
97	0.0
97	0.0
97	0.0
97	0.0
97	0.0
97	0.0
97	0.0
97	0.0
97	0.0
97	0.0
97	0.0
97	0.0
97	0.0
97	0.0
97	0.0
97	0.0
97	0.0
97	0.0
97	0.0
97	0.0
97	0.0
97	0.0
97	0.0
97	0.0
97	0.0
97	0.0
97	0.0
97	0.0
97	0.0
97	0.0
97	0.0
97	0.0
97	0.0
97	0.0
97	0.0
97	0.0
97	0.0
97	0.0
97	0.0
97	0.0
97	0.0
97	0.0
97	0.0
97	0.0
97	0.0
97	0.0
97	0.0
97	0.0
97	0.0
97	0.0
97	0.0
97	0.0
97	0.0
97	0.0
97	0.0
97	0.0
97	0.0
97	0.0
97	0.0
97	0.0
97	0.0
97	0.0
97	0.0
97	0.0
97	0.0
97	0.0
97	0.0
97	0.0
97	0.0
97	0.0
97	0.0
97	0.0
97	0.0
97	0.0
97	0.0
97	0.0
97	0.0
97	0.0
97	0.0
97	0.2263
97	0.0
97	0.0
97	0.0
97	-0.6124
97	0.2732
97	-0.5574
97	0.0
97	0.0
97	0.0
97	0.0
97	0.0
97	0.0
97	0.0
97	0.0
97	0.0
97	0.0
97	0.0
97	0.0
97	0.0
97	0.0
97	0.0
97	0.0
97	0.0
97	0.0
97	0.0
97	0.0
97	0.0
97	0.0
97	0.0
97	0.0
97	0.0
97	0.0
97	0.0
97	0.0
97	0.0
97	0.0
97	0.0
97	0.0
97	0.0
97	0.0
97	0.0
97	0.0
97	0.0
97	0.0
97	0.0
97	0.0
97	0.0
97	0.0
97	0.0
97	0.0
97	0.0
97	0.0
97	0.0
97	0.0
97	0.0
97	0.0
97	0.0
97	0.0
97	0.0
97	0.0
97	0.0
97	0.0
97	0.0
97	0.0
97	0.0
97	0.0
97	0.0
97	0.0
97	0.0
97	0.0
97	0.0
97	0.0
97	0.0
97	0.0
97	0.0
97	0.0
97	0.0
97	0.0
97	0.0
97	0.0
97	0.0
97	0.0
97	0.0
97	0.0
97	0.0
97	0.0
97	0.4019
97	0.0
97	0.0
97	0.0
97	0.0
97	0.0
97	0.0
97	0.0
97	0.0
97	0.0
97	0.0
97	0.0
97	0.0
97	0.0
97	0.0
97	0.0
97	0.0
97	0.0
97	0.0
97	0.0
97	0.0
97	0.0
97	0.0
97	0.0
97	0.0
97	0.0
97	0.0
97	0.0
97	0.0
97	0.0
97	0.0
97	0.0
97	0.0
97	0.0
97	0.0
97	0.4019
97	0.0
97	0.0
97	0.0
97	0.0
97	0.0
97	0.0
97	0.0
97	0.0
97	0.0
97	0.0
97	0.0
97	0.0
97	0.0
97	0.0
97	0.0
97	0.0
97	0.0
97	0.0
97	0.0
97	0.0
97	0.0
97	0.0
97	0.0
97	0.0
97	0.0
97	0.0
97	0.0
97	0.0
97	0.0
97	0.0
97	0.0
97	0.3182
97	0.0
97	0.0
97	0.0
97	0.0
97	0.0
97	0.0
97	0.0
97	0.2263
97	0.0
97	0.0
97	0.0
97	0.0
97	0.0
97	0.2263
97	0.0
97	0.0
97	0.0
97	0.0
97	0.0
97	0.0
97	0.0
97	0.0
97	0.0
97	0.0
97	0.0
97	0.0
97	0.0
97	0.0
97	0.0
97	0.0
97	0.0
97	0.0
97	0.0
97	0.0
97	0.0
97	0.0
97	-0.0516
97	0.0
97	0.0
97	0.0
97	0.0
97	0.0
97	0.0
97	0.0
97	0.0
97	0.0
97	0.0
97	0.0
97	0.0
97	0.0
97	0.0
97	0.0
97	0.0
97	0.0
97	0.0
97	0.0
97	0.0
97	0.0
97	0.0
97	0.0
97	0.0
97	0.0
97	0.0
98	0.0
98	0.0
98	-0.7783
98	0.0
98	0.0
98	-0.3869
98	0.0
98	-0.7783
98	0.0
99	0.0
99	0.0
99	0.0
99	0.0
99	0.0
99	0.0
100	0.4404
100	0.4767
101	0.1531
101	0.0
102	0.0516
103	-0.1027
104	0.0
105	-0.6808
105	-0.4767
105	-0.5859
106	0.0
107	0.5994
108	-0.1027
110	-0.3612
111	0.4939
112	0.296
112	0.0
115	0.4019
116	-0.5859
117	0.6652
117	0.0
117	-0.5574
117	0.5267
118	0.5267
118	0.5719
121	0.0
122	-0.296
123	0.0
